[0.3594911524003423, 0.3830192935877277, 0.2574895540119301]
[1, -0.1060610617980359]
[2, -0.46412803317981]
[3, -1.1274694948123198]
[4, -2.1525102825140436]
[5, -3.517763509336072]
[6, -5.237406529253778]
[7, -7.284452417038506]
[8, -9.663314537341439]
[9, -12.329713855064336]
[10, -15.257256092335592]
[16, -0.46412803317981]
[17, -1.1274694948123198]
[18, -2.1525102825140436]
[19, -3.517763509336072]
[20, -5.237406529253778]
[21, -7.284452417038506]
[22, -9.663314537341439]
[23, -12.329713855064336]
[24, -15.257256092335592]
[25, -18.346879838460882]
---
[0.2630340252281406, 0.6574760382464093, 0.07948993652544988]
[1, 0.0022431991458574884]
[2, -0.26450366092572464]
[3, -0.7234100437391874]
[4, -1.4429227271583003]
[5, -2.33363933823817]
[6, -3.432582001472157]
[7, -4.6620675377864655]
[8, -6.138899187888167]
[9, -7.787074057798064]
[10, -9.676629962248132]
[16, -0.6627273922255853]
[17, -0.9930717341011259]
[18, -1.5917580389478914]
[19, -2.381758807730692]
[20, -3.432582001472157]
[21, -4.6620675377864655]
[22, -6.138899187888167]
[23, -7.787074057798064]
[24, -9.676629962248132]
[25, -11.720820213127622]
---
[0.36047764685952566, 0.513187177372917, 0.1263351757675574]
[1, -0.10771088294250716]
[2, -0.5867214098550562]
[3, -1.329754904003991]
[4, -2.3612118848041064]
[5, -3.7353775935799094]
[6, -5.465818053578732]
[7, -7.525834584360302]
[8, -9.919090512228337]
[9, -12.60144177885652]
[10, -15.545585890337588]
[16, -0.6806653521816258]
[17, -1.329754904003991]
[18, -2.3612118848041064]
[19, -3.7353775935799094]
[20, -5.465818053578732]
[21, -7.525834584360302]
[22, -9.919090512228337]
[23, -12.60144177885652]
[24, -15.545585890337588]
[25, -18.652577815080967]
---
[0.18787167127819207, 0.5772212693787749, 0.23490705934303305]
[1, 0.028455099926000572]
[2, -0.15876239489498972]
[3, -0.4180925501243962]
[4, -0.8789115372943727]
[5, -1.4549149282037903]
[6, -2.2361130483188263]
[7, -3.1324892202171384]
[8, -4.234032663199201]
[9, -5.4506354624893705]
[10, -6.871892438174484]
[16, -0.1639785185288673]
[17, -0.4180925501243962]
[18, -0.8789115372943727]
[19, -1.4549149282037903]
[20, -2.2361130483188263]
[21, -3.1324892202171384]
[22, -4.234032663199201]
[23, -5.4506354624893705]
[24, -6.871892438174484]
[25, -8.405990773574]
---
[0.28665114275131776, 0.438994677098191, 0.2743541801504912]
[1, -0.03191638557412944]
[2, -0.26812735684534916]
[3, -0.6841822408516208]
[4, -1.3556241892716911]
[5, -2.2401790858359503]
[6, -3.379800672718835]
[7, -4.731738919839086]
[8, -6.336763474658613]
[9, -8.14917887657702]
[10, -10.202425070330372]
[16, -0.26812735684534916]
[17, -0.6841822408516208]
[18, -1.3556241892716911]
[19, -2.2401790858359503]
[20, -3.379800672718835]
[21, -4.731738919839086]
[22, -6.336763474658613]
[23, -8.14917887657702]
[24, -10.202425070330372]
[25, -12.432568673174648]
---
[0.3665180790377702, 0.5057582708909492, 0.1277236500712807]
[1, -0.11721641240091571]
[2, -0.615415758817295]
[3, -1.3819136636433371]
[4, -2.457139411186975]
[5, -3.8900712648788103]
[6, -5.691071388894699]
[7, -7.833585535668481]
[8, -10.316539526475054]
[9, -13.09376106176092]
[10, -16.130247852929614]
[16, -0.7017069140611738]
[17, -1.3819136636433371]
[18, -2.457139411186975]
[19, -3.8900712648788103]
[20, -5.691071388894699]
[21, -7.833585535668481]
[22, -10.316539526475054]
[23, -13.09376106176092]
[24, -16.130247852929614]
[25, -19.32133575356416]
---
[0.20586428383968802, 0.5122811086392239, 0.281854607521088]
[1, 0.018089548052705594]
[2, -0.15981225678489466]
[3, -0.43694474247621]
[4, -0.923389693034585]
[5, -1.5404996744073016]
[6, -2.3669174979173717]
[7, -3.3239825197752753]
[8, -4.490286593837463]
[9, -5.7869725044594205]
[10, -7.291873815971298]
[16, -0.15981225678489466]
[17, -0.43694474247621]
[18, -0.923389693034585]
[19, -1.5404996744073016]
[20, -2.3669174979173717]
[21, -3.3239825197752753]
[22, -4.490286593837463]
[23, -5.7869725044594205]
[24, -7.291873815971298]
[25, -8.923208158755504]
---
[0.17746463568897144, 0.5836835940775386, 0.23885177023348989]
[1, 0.03359112286479302]
[2, -0.1462812498953255]
[3, -0.39381114223212277]
[4, -0.8404148259906264]
[5, -1.3941210522417264]
[6, -2.1507673118431896]
[7, -3.014512678339668]
[8, -4.081182154447883]
[9, -5.2548769321099815]
[10, -6.631153737127413]
[16, -0.15173065851787867]
[17, -0.39381114223212277]
[18, -0.8404148259906264]
[19, -1.3941210522417264]
[20, -2.1507673118431896]
[21, -3.014512678339668]
[22, -4.081182154447883]
[23, -5.2548769321099815]
[24, -6.631153737127413]
[25, -8.112870317931446]
---
[0.29910036774858023, 0.6146422323099897, 0.08625739994143017]
[1, -0.02903901101933002]
[2, -0.3624270128847769]
[3, -0.9362433264152343]
[4, -1.7781398893530507]
[5, -2.7859359329835085]
[6, -4.02279048639399]
[7, -5.480946212599699]
[8, -7.210368967739638]
[9, -9.154146793158825]
[10, -11.352921142677317]
[16, -0.701141031446656]
[17, -1.1142206380594275]
[18, -1.829658901886765]
[19, -2.7859359329835085]
[20, -4.02279048639399]
[21, -5.480946212599699]
[22, -7.210368967739638]
[23, -9.154146793158825]
[24, -11.352921142677317]
[25, -13.727950455404226]
---
[0.3191022289887191, 0.5337935808931696, 0.1471041901181113]
[1, -0.057505202457397785]
[2, -0.4182337449433987]
[3, -0.9753615697131153]
[4, -1.7742894851294124]
[5, -2.8325003010591074]
[6, -4.1816658646918174]
[7, -5.787247987287676]
[8, -7.677687922276587]
[9, -9.811570329837584]
[10, -12.202660873462904]
[16, -0.4826581455575706]
[17, -0.9753615697131153]
[18, -1.7742894851294124]
[19, -2.8325003010591074]
[20, -4.1816658646918174]
[21, -5.787247987287676]
[22, -7.677687922276587]
[23, -9.811570329837584]
[24, -12.202660873462904]
[25, -14.77825602983547]
---
[0.3459730676044375, 0.5726045655811705, 0.081422366814392]
[1, -0.08206665240948326]
[2, -0.5389734299843582]
[3, -1.3130959720012014]
[4, -2.384439877525858]
[5, -3.6445898729732504]
[6, -5.237255256373999]
[7, -7.129511920784983]
[8, -9.340310766757835]
[9, -11.823642832978914]
[10, -14.574541801957958]
[16, -0.8865788330498845]
[17, -1.4495882108901186]
[18, -2.3849640347436036]
[19, -3.6445898729732504]
[20, -5.237255256373999]
[21, -7.129511920784983]
[22, -9.340310766757835]
[23, -11.823642832978914]
[24, -14.574541801957958]
[25, -17.5019406305585]
---
[0.39522121860716436, 0.5121274166377245, 0.09265136475511104]
[1, -0.17220423840547028]
[2, -0.8306547684557785]
[3, -1.879605554582301]
[4, -3.215813480339088]
[5, -4.989608417012457]
[6, -7.195179752641403]
[7, -9.799153283154023]
[8, -12.77367126903263]
[9, -16.054398667090474]
[10, -19.56596376384595]
[16, -1.0381042076987144]
[17, -1.88152599853386]
[18, -3.215813480339088]
[19, -4.989608417012457]
[20, -7.195179752641403]
[21, -9.799153283154023]
[22, -12.77367126903263]
[23, -16.054398667090474]
[24, -19.56596376384595]
[25, -23.171469567786104]
---
[0.15902163359499372, 0.6465840392424026, 0.19439432716260358]
[1, 0.04625428160146754]
[2, -0.12376161165582858]
[3, -0.38072365954687937]
[4, -0.8094979191288871]
[5, -1.3284918836200617]
[6, -2.0505396395102324]
[7, -2.862806064991864]
[8, -3.878120806643902]
[9, -4.983625262400747]
[10, -6.292024904610284]
[16, -0.16439617067692752]
[17, -0.38072365954687937]
[18, -0.8094979191288871]
[19, -1.3284918836200617]
[20, -2.0505396395102324]
[21, -2.862806064991864]
[22, -3.878120806643902]
[23, -4.983625262400747]
[24, -6.292024904610284]
[25, -7.689804441676037]
---
[0.2526446642756875, 0.4331037420666637, 0.3142515936576489]
[1, -0.009915722898556112]
[2, -0.19919669332690973]
[3, -0.5455029710812909]
[4, -1.1211808921114994]
[5, -1.8717321031589904]
[6, -2.85159276465163]
[7, -4.006142766340043]
[8, -5.389458102830713]
[9, -6.94585329160665]
[10, -8.726252826894703]
[16, -0.19919669332690973]
[17, -0.5455029710812909]
[18, -1.1211808921114994]
[19, -1.8717321031589904]
[20, -2.85159276465163]
[21, -4.006142766340043]
[22, -5.389458102830713]
[23, -6.94585329160665]
[24, -8.726252826894703]
[25, -10.665648793349371]
---
[0.33777036374749575, 0.3744181965797175, 0.28781143967278666]
[1, -0.07954721248598276]
[2, -0.37156954910136336]
[3, -0.9380203515884631]
[4, -1.8235477409004175]
[5, -3.0031463440580666]
[6, -4.498767455513897]
[7, -6.282529409863741]
[8, -8.370756293559893]
[9, -10.724572361528711]
[10, -13.338751656498673]
[16, -0.37156954910136336]
[17, -0.9380203515884631]
[18, -1.8235477409004175]
[19, -3.0031463440580666]
[20, -4.498767455513897]
[21, -6.282529409863741]
[22, -8.370756293559893]
[23, -10.724572361528711]
[24, -13.338751656498673]
[25, -16.132217827958183]
---
[0.32962332186306625, 0.3434393676620529, 0.32693731047488084]
[1, -0.07312603199052888]
[2, -0.32726984312179186]
[3, -0.8592277271954316]
[4, -1.6959042464114844]
[5, -2.8126299094353326]
[6, -4.231876707903368]
[7, -5.9267356695677105]
[8, -7.915131999368384]
[9, -10.160933075010036]
[10, -12.663310223202398]
[16, -0.32726984312179186]
[17, -0.8592277271954316]
[18, -1.6959042464114844]
[19, -2.8126299094353326]
[20, -4.231876707903368]
[21, -5.9267356695677105]
[22, -7.915131999368384]
[23, -10.160933075010036]
[24, -12.663310223202398]
[25, -15.348022013349032]
---
[0.20159585604420058, 0.40295281919193227, 0.3954513247638672]
[1, 0.01418760940332504]
[2, -0.1223123020566689]
[3, -0.389833485322022]
[4, -0.8607675127805706]
[5, -1.46340340433713]
[6, -2.269448346907872]
[7, -3.2071801310105257]
[8, -4.34826147048345]
[9, -5.620794023843226]
[10, -7.095742948339253]
[16, -0.1223123020566689]
[17, -0.389833485322022]
[18, -0.8607675127805706]
[19, -1.46340340433713]
[20, -2.269448346907872]
[21, -3.2071801310105257]
[22, -4.34826147048345]
[23, -5.620794023843226]
[24, -7.095742948339253]
[25, -8.698447285962615]
---
[0.4368070124323439, 0.4421185186732911, 0.1210744688943651]
[1, -0.2957575422883224]
[2, -1.1935655955539004]
[3, -2.4992673003194397]
[4, -4.388799070213071]
[5, -6.853057299683201]
[6, -9.837159174892799]
[7, -13.268453249007967]
[8, -17.058804911533294]
[9, -21.092512048868855]
[10, -25.225364756360694]
[16, -1.2416467226701513]
[17, -2.4992673003194397]
[18, -4.388799070213071]
[19, -6.853057299683201]
[20, -9.837159174892799]
[21, -13.268453249007967]
[22, -17.058804911533294]
[23, -21.092512048868855]
[24, -25.225364756360694]
[25, -29.268512379611558]
---
[0.07097868798081829, 0.6067698325838531, 0.32225147943532867]
[1, 0.0762178099998323]
[2, -0.04443690629642418]
[3, -0.19150385726263153]
[4, -0.5331499417311022]
[5, -0.9133055463318556]
[6, -1.4880402844088878]
[7, -2.1012845422781026]
[8, -2.909107929172092]
[9, -3.7554407775937078]
[10, -4.796351992430672]
[16, -0.04443690629642418]
[17, -0.19150385726263153]
[18, -0.5331499417311022]
[19, -0.9133055463318556]
[20, -1.4880402844088878]
[21, -2.1012845422781026]
[22, -2.909107929172092]
[23, -3.7554407775937078]
[24, -4.796351992430672]
[25, -5.87576268720183]
---
[0.3265288899111259, 0.4377925221307909, 0.2356785879580832]
[1, -0.06645929743556281]
[2, -0.3785014140993809]
[3, -0.9065065992999706]
[4, -1.7363811166334187]
[5, -2.8390632447047155]
[6, -4.241750100260569]
[7, -5.91342609285702]
[8, -7.877264126891672]
[9, -10.0939706084602]
[10, -12.569647132053102]
[16, -0.3785014140993809]
[17, -0.9065065992999706]
[18, -1.7363811166334187]
[19, -2.8390632447047155]
[20, -4.241750100260569]
[21, -5.91342609285702]
[22, -7.877264126891672]
[23, -10.0939706084602]
[24, -12.569647132053102]
[25, -15.229822642536316]
---
[0.33397801890715345, 0.3907199615274228, 0.2753020195654238]
[1, -0.07479982155650192]
[2, -0.3694183169274936]
[3, -0.9227654568879956]
[4, -1.789194442436471]
[5, -2.942199572502554]
[6, -4.405690981177358]
[7, -6.15062740247931]
[8, -8.195871949949495]
[9, -10.502350700907774]
[10, -13.068923357500044]
[16, -0.3694183169274936]
[17, -0.9227654568879956]
[18, -1.789194442436471]
[19, -2.942199572502554]
[20, -4.405690981177358]
[21, -6.15062740247931]
[22, -8.195871949949495]
[23, -10.502350700907774]
[24, -13.068923357500044]
[25, -15.816668728354326]
---
[0.020375602531680085, 0.8067739443221571, 0.17285045314616282]
[1, 0.0949235819083043]
[2, -0.010363973989909426]
[3, -0.12580294021687238]
[4, -0.4413965873985141]
[5, -0.7649062304237517]
[6, -1.2852994268693565]
[7, -1.8149116964069436]
[8, -2.543801375783329]
[9, -3.281910128245839]
[10, -4.219296290265495]
[16, -0.023575990094948197]
[17, -0.13383439411541787]
[18, -0.4443033249898278]
[19, -0.7649062304237517]
[20, -1.2852994268693565]
[21, -1.8149116964069436]
[22, -2.543801375783329]
[23, -3.281910128245839]
[24, -4.219296290265495]
[25, -5.165901511829743]
---
[0.2939377711576153, 0.6184948679035245, 0.0875673609388602]
[1, -0.02456107787687358]
[2, -0.34764691667760983]
[3, -0.9037164619755004]
[4, -1.7243532855045145]
[5, -2.706523060841312]
[6, -3.9128452831224507]
[7, -5.333266131979883]
[8, -7.020644685078404]
[9, -8.91620529544337]
[10, -11.064515811727025]
[16, -0.6777974445881683]
[17, -1.0786258507829956]
[18, -1.776035431621122]
[19, -2.706523060841312]
[20, -3.9128452831224507]
[21, -5.333266131979883]
[22, -7.020644685078404]
[23, -8.91620529544337]
[24, -11.064515811727025]
[25, -13.386899535953523]
---
[0.12270683249222025, 0.5034322861794766, 0.37386088132830314]
[1, 0.05363934475915357]
[2, -0.06965402706780566]
[3, -0.2574337085926757]
[4, -0.637860131428799]
[5, -1.0906856922180126]
[6, -1.7361579832763936]
[7, -2.4540293333423677]
[8, -3.36454684925627]
[9, -4.347459388845044]
[10, -5.522989243648441]
[16, -0.06965402706780566]
[17, -0.2574337085926757]
[18, -0.637860131428799]
[19, -1.0906856922180126]
[20, -1.7361579832763936]
[21, -2.4540293333423677]
[22, -3.36454684925627]
[23, -4.347459388845044]
[24, -5.522989243648441]
[25, -6.77070785436671]
---
[0.3561571648336073, 0.4925770690447779, 0.1512657661216147]
[1, -0.10332229494769649]
[2, -0.552202426798192]
[3, -1.2192715608318878]
[4, -2.215364650977662]
[5, -3.544804917959439]
[6, -5.221521274958377]
[7, -7.220264237401025]
[8, -9.546025723701755]
[9, -12.15749616108898]
[10, -15.030632638561352]
[16, -0.584374470508024]
[17, -1.2192715608318878]
[18, -2.215364650977662]
[19, -3.544804917959439]
[20, -5.221521274958377]
[21, -7.220264237401025]
[22, -9.546025723701755]
[23, -12.15749616108898]
[24, -15.030632638561352]
[25, -18.071744092758124]
---
[0.3262134152040541, 0.39267271163204376, 0.28111387316390213]
[1, -0.06679972040767553]
[2, -0.34549671863985054]
[3, -0.8711832006361846]
[4, -1.6979247928688266]
[5, -2.7972405389149686]
[6, -4.195738766724742]
[7, -5.862969419327163]
[8, -7.821479485677736]
[9, -10.03245100835495]
[10, -12.501150115164705]
[16, -0.34549671863985054]
[17, -0.8711832006361846]
[18, -1.6979247928688266]
[19, -2.7972405389149686]
[20, -4.195738766724742]
[21, -5.862969419327163]
[22, -7.821479485677736]
[23, -10.03245100835495]
[24, -12.501150115164705]
[25, -15.153095721926883]
---
[0.38526225372853384, 0.4266311663423512, 0.18810657992911495]
[1, -0.15009170573535185]
[2, -0.6557289885283695]
[3, -1.4652864801718692]
[4, -2.7027828946257473]
[5, -4.3488984860916755]
[6, -6.403517663443992]
[7, -8.83648678932452]
[8, -11.630491537471366]
[9, -14.728148634635593]
[10, -18.068654769321185]
[16, -0.6557289885283695]
[17, -1.4652864801718692]
[18, -2.7027828946257473]
[19, -4.3488984860916755]
[20, -6.403517663443992]
[21, -8.83648678932452]
[22, -11.630491537471366]
[23, -14.728148634635593]
[24, -18.068654769321185]
[25, -21.52535718152675]
---
[0.34638415758854074, 0.44544080087618065, 0.20817504153527858]
[1, -0.08934599154909222]
[2, -0.4620470345815306]
[3, -1.0639355637749817]
[4, -2.00049105494424]
[5, -3.24838913674551]
[6, -4.82669843702416]
[7, -6.708421078577624]
[8, -8.905712273609163]
[9, -11.378590391538348]
[10, -14.114713969376584]
[16, -0.4620470345815306]
[17, -1.0639355637749817]
[18, -2.00049105494424]
[19, -3.24838913674551]
[20, -4.82669843702416]
[21, -6.708421078577624]
[22, -8.905712273609163]
[23, -11.378590391538348]
[24, -14.114713969376584]
[25, -17.027952115002023]
---
[0.215894428864783, 0.4315811144166665, 0.35252445671855037]
[1, 0.00957279294617024]
[2, -0.1458648930932455]
[3, -0.4339940188231921]
[4, -0.9325842257176419]
[5, -1.572691897589408]
[6, -2.4232519972209006]
[7, -3.415298133736583]
[8, -4.61768255472367]
[9, -5.961138456917574]
[10, -7.513427022174445]
[16, -0.1458648930932455]
[17, -0.4339940188231921]
[18, -0.9325842257176419]
[19, -1.572691897589408]
[20, -2.4232519972209006]
[21, -3.415298133736583]
[22, -4.61768255472367]
[23, -5.961138456917574]
[24, -7.513427022174445]
[25, -9.201318813928726]
---
[0.21081439832982624, 0.4477750228888396, 0.34141057878133413]
[1, 0.013036798699241103]
[2, -0.1442475253374141]
[3, -0.42612134518255684]
[4, -0.9171612049433719]
[5, -1.5448313729058967]
[6, -2.381661176951623]
[7, -3.3550973164630946]
[8, -4.537603349993335]
[9, -5.856379769037592]
[10, -7.382968450729841]
[16, -0.1442475253374141]
[17, -0.42612134518255684]
[18, -0.9171612049433719]
[19, -1.5448313729058967]
[20, -2.381661176951623]
[21, -3.3550973164630946]
[22, -4.537603349993335]
[23, -5.856379769037592]
[24, -7.382968450729841]
[25, -9.041119564470215]
---
[0.37046074782479754, 0.5889654571024298, 0.04057379507277274]
[1, -0.10743540674613997]
[2, -0.6526690164814056]
[3, -1.5979507590137785]
[4, -2.957706287665957]
[5, -4.680948642205948]
[6, -6.760874785592006]
[7, -9.113341615290409]
[8, -11.707218372447386]
[9, -14.592845384831207]
[10, -17.744098872527907]
[16, -1.835327456979573]
[17, -2.4705944166265112]
[18, -3.53980181291075]
[19, -5.004568380584826]
[20, -6.878778074182333]
[21, -9.113341615290409]
[22, -11.707218372447386]
[23, -14.592845384831207]
[24, -17.744098872527907]
[25, -21.04225307536324]
---
[0.36062807041921036, 0.5193555570448088, 0.12001637253598074]
[1, -0.10772210630230461]
[2, -0.5923072812460475]
[3, -1.3530854097793792]
[4, -2.386256123362787]
[5, -3.76241203373788]
[6, -5.495239376328504]
[7, -7.5578721234381705]
[8, -9.954075263242874]
[9, -12.639519415162102]
[10, -15.586988886993078]
[16, -0.705378849462835]
[17, -1.3530854097793792]
[18, -2.386256123362787]
[19, -3.76241203373788]
[20, -5.495239376328504]
[21, -7.5578721234381705]
[22, -9.954075263242874]
[23, -12.639519415162102]
[24, -15.586988886993078]
[25, -18.697367977860104]
---
[0.3320168514564854, 0.396666793557745, 0.27131635498576956]
[1, -0.0725452761057653]
[2, -0.3668427260387034]
[3, -0.9133336913364076]
[4, -1.7698512862925866]
[5, -2.909229386933896]
[6, -4.356247455694552]
[7, -6.081363766967127]
[8, -8.104586633288534]
[9, -10.386804332543054]
[10, -12.928774764624407]
[16, -0.3668427260387034]
[17, -0.9133336913364076]
[18, -1.7698512862925866]
[19, -2.909229386933896]
[20, -4.356247455694552]
[21, -6.081363766967127]
[22, -8.104586633288534]
[23, -10.386804332543054]
[24, -12.928774764624407]
[25, -15.652696688983994]
---
[0.22335556609388685, 0.3979318835644461, 0.3787125503416671]
[1, 0.00342183194387502]
[2, -0.14590152511665194]
[3, -0.4427312401363778]
[4, -0.9514939442405435]
[5, -1.6097930847760935]
[6, -2.480011824353066]
[7, -3.4997204414102456]
[8, -4.731186764908263]
[9, -6.11158004008566]
[10, -7.701773637058226]
[16, -0.14590152511665194]
[17, -0.4427312401363778]
[18, -0.9514939442405435]
[19, -1.6097930847760935]
[20, -2.480011824353066]
[21, -3.4997204414102456]
[22, -4.731186764908263]
[23, -6.11158004008566]
[24, -7.701773637058226]
[25, -9.43408803903458]
---
[0.03324931667221799, 0.9375263646275065, 0.029224318700275483]
[1, 0.09289071868278995]
[2, -0.014707579606227483]
[3, -0.13652444052966572]
[4, -0.45883031842491206]
[5, -0.7953547589545679]
[6, -1.3323682164557844]
[7, -1.8836002365844131]
[8, -2.6353212734872633]
[9, -3.401260867453278]
[10, -4.36768932129905]
[16, -0.2275455384484566]
[17, -0.34200860956878076]
[18, -0.656960697660908]
[19, -0.9861313483874603]
[20, -1.5157910160858017]
[21, -2.0596692464183115]
[22, -2.8040364937152327]
[23, -3.5626223034380877]
[24, -4.5216971242438895]
[25, -5.49499034134821]
---
[0.22764852030432953, 0.4837069550909759, 0.28864452460469475]
[1, 0.006062776575177509]
[2, -0.18005330480123546]
[3, -0.48722627947637276]
[4, -1.0117345063115806]
[5, -1.6860732823539906]
[6, -2.5777310518684273]
[7, -3.619164210087983]
[8, -4.877729217899888]
[9, -6.285434687925429]
[10, -7.908117872766807]
[16, -0.18005330480123546]
[17, -0.48722627947637276]
[18, -1.0117345063115806]
[19, -1.6860732823539906]
[20, -2.5777310518684273]
[21, -3.619164210087983]
[22, -4.877729217899888]
[23, -6.285434687925429]
[24, -7.908117872766807]
[25, -9.672633117949433]
---
[0.029292695014704787, 0.5321481391545906, 0.4385591658307046]
[1, 0.08918636228508917]
[2, -0.01351489825507315]
[3, -0.13170495786452036]
[4, -0.4456308222210502]
[5, -0.7762671280240305]
[6, -1.302639238574087]
[7, -1.8457217905705086]
[8, -2.5845401473111247]
[9, -3.340068945402468]
[10, -4.291333545068847]
[16, -0.01351489825507315]
[17, -0.13170495786452036]
[18, -0.4456308222210502]
[19, -0.7762671280240305]
[20, -1.302639238574087]
[21, -1.8457217905705086]
[22, -2.5845401473111247]
[23, -3.340068945402468]
[24, -4.291333545068847]
[25, -5.259308481065906]
---
[0.053623065307109516, 0.662089667925397, 0.28428726676749333]
[1, 0.08340280516147516]
[2, -0.03407641249357738]
[3, -0.17141868228719162]
[4, -0.5025414744840149]
[5, -0.8613339969385763]
[6, -1.4164827013797094]
[7, -1.9993011360559592]
[8, -2.7784757523195553]
[9, -3.5853200917724832]
[10, -4.588520488463876]
[16, -0.03775800569856571]
[17, -0.17141868228719162]
[18, -0.5025414744840149]
[19, -0.8613339969385763]
[20, -1.4164827013797094]
[21, -1.9993011360559592]
[22, -2.7784757523195553]
[23, -3.5853200917724832]
[24, -4.588520488463876]
[25, -5.6193884137494505]
---
[0.39550988228670875, 0.4034328368948281, 0.20105728081846316]
[1, -0.17033635212558806]
[2, -0.7007065429397897]
[3, -1.588070644912952]
[4, -2.936087762284282]
[5, -4.7231423637533085]
[6, -6.9428447460002385]
[7, -9.559907169763127]
[8, -12.547150046609934]
[9, -15.837757718016903]
[10, -19.356270311043804]
[16, -0.7007065429397897]
[17, -1.588070644912952]
[18, -2.936087762284282]
[19, -4.7231423637533085]
[20, -6.9428447460002385]
[21, -9.559907169763127]
[22, -12.547150046609934]
[23, -15.837757718016903]
[24, -19.356270311043804]
[25, -22.96216082233952]
---
[0.16886485115536382, 0.46592631926263056, 0.3652088295820056]
[1, 0.03301580962977653]
[2, -0.10296487379425087]
[3, -0.334795860098518]
[4, -0.7642478161060794]
[5, -1.298070188851824]
[6, -2.0295130895167888]
[7, -2.865324232504908]
[8, -3.8987452011687354]
[9, -5.0364817368318295]
[10, -6.371568835731843]
[16, -0.10296487379425087]
[17, -0.334795860098518]
[18, -0.7642478161060794]
[19, -1.298070188851824]
[20, -2.0295130895167888]
[21, -2.865324232504908]
[22, -3.8987452011687354]
[23, -5.0364817368318295]
[24, -6.371568835731843]
[25, -7.809695439004234]
---
[0.25447124829179946, 0.38574141009708035, 0.35978734161112014]
[1, -0.014096713469464816]
[2, -0.18502930445575458]
[3, -0.5314074053534753]
[4, -1.1062661834317098]
[5, -1.859892440421079]
[6, -2.8419296962348013]
[7, -4.002530322251992]
[8, -5.390944005080378]
[9, -6.956169346396571]
[10, -8.744075826776866]
[16, -0.18502930445575458]
[17, -0.5314074053534753]
[18, -1.1062661834317098]
[19, -1.859892440421079]
[20, -2.8419296962348013]
[21, -4.002530322251992]
[22, -5.390944005080378]
[23, -6.956169346396571]
[24, -8.744075826776866]
[25, -10.69375912236831]
---
[0.10673763816798913, 0.5070119225809326, 0.3862504392510782]
[1, 0.05990222549422412]
[2, -0.058115948537125914]
[3, -0.23234086013315788]
[4, -0.5984009423991026]
[5, -1.0269090236580183]
[6, -1.6472522732588175]
[7, -2.3300435023698554]
[8, -3.2046697367762986]
[9, -4.141742586195178]
[10, -5.2706390217460255]
[16, -0.058115948537125914]
[17, -0.23234086013315788]
[18, -0.5984009423991026]
[19, -1.0269090236580183]
[20, -1.6472522732588175]
[21, -2.3300435023698554]
[22, -3.2046697367762986]
[23, -4.141742586195177]
[24, -5.2706390217460255]
[25, -6.461886507997813]
---
[0.430843802858545, 0.5224308298695373, 0.04672536727191777]
[1, -0.27050818063365795]
[2, -1.223234417530307]
[3, -2.779057255899352]
[4, -4.852143078230711]
[5, -7.330865069512219]
[6, -10.208728561577981]
[7, -13.531999400332746]
[8, -17.224730290756998]
[9, -21.179518711956895]
[10, -25.264221797940035]
[16, -2.0924235475336275]
[17, -3.204394534033861]
[18, -4.973902237775121]
[19, -7.330865069512219]
[20, -10.208728561577981]
[21, -13.531999400332746]
[22, -17.224730290756998]
[23, -21.179518711956895]
[24, -25.264221797940035]
[25, -29.296919588188892]
---
[0.17708145381439339, 0.4352002197796284, 0.38771832640597825]
[1, 0.02753314414349859]
[2, -0.10448138703894898]
[3, -0.34429149278406895]
[4, -0.7820664450814305]
[5, -1.3315519518846017]
[6, -2.0790015180216743]
[7, -2.938157980367565]
[8, -3.995261501506967]
[9, -5.163992915325686]
[10, -6.530304249154604]
[16, -0.10448138703894898]
[17, -0.34429149278406895]
[18, -0.7820664450814305]
[19, -1.3315519518846017]
[20, -2.0790015180216743]
[21, -2.938157980367565]
[22, -3.995261501506967]
[23, -5.163992915325686]
[24, -6.530304249154604]
[25, -8.006537338137948]
---
[0.3673713917441343, 0.5997047473228911, 0.03292386093297454]
[1, -0.09734382336374665]
[2, -0.6205744535931388]
[3, -1.5311729425901774]
[4, -2.8559324215347885]
[5, -4.549485009420891]
[6, -6.627192301594721]
[7, -9.025858173967986]
[8, -11.730934030560046]
[9, -14.632052709105277]
[10, -17.74437484177879]
[16, -2.20999535153945]
[17, -2.8163328659927656]
[18, -3.844832765436803]
[19, -5.256094699494534]
[20, -7.073540509098069]
[21, -9.249059100765276]
[22, -11.79175819591229]
[23, -14.632052709105277]
[24, -17.74437484177879]
[25, -21.006801523984326]
---
[0.41373206094104936, 0.5829745786396298, 0.003293360419320739]
[1, -0.1726755622971723]
[2, -0.9120216527438316]
[3, -2.1707477967462325]
[4, -3.9607172771363452]
[5, -6.221793749000497]
[6, -8.94771334339546]
[7, -12.053461782628395]
[8, -15.497230432688573]
[9, -19.14465715349713]
[10, -22.883207599379368]
[16, -8.407090903285498]
[17, -9.174565899131053]
[18, -10.471416138896311]
[19, -12.288546439394182]
[20, -14.586353529995554]
[21, -17.33795536128411]
[22, -20.47826695563056]
[23, -23.945151026158264]
[24, -27.623327901038532]
[25, -31.379999769165046]
---
[0.2371143740516903, 0.4556426348116926, 0.30724299113661707]
[1, -7.819466755307758e-05]
[2, -0.1832683307662606]
[3, -0.5042673976238475]
[4, -1.0464876198461979]
[5, -1.7478678481440937]
[6, -2.670441734639522]
[7, -3.752087161968808]
[8, -5.054641626091163]
[9, -6.515351909203756]
[10, -8.194025022096522]
[16, -0.1832683307662606]
[17, -0.5042673976238475]
[18, -1.0464876198461979]
[19, -1.7478678481440937]
[20, -2.670441734639522]
[21, -3.752087161968808]
[22, -5.054641626091163]
[23, -6.515351909203756]
[24, -8.194025022096522]
[25, -10.02137493677075]
---
[0.03235073746978706, 0.5509839195828533, 0.41666534294735963]
[1, 0.08842471803710765]
[2, -0.015698538763808046]
[3, -0.13589027219878816]
[4, -0.4518114470967092]
[5, -0.7858386508560742]
[6, -1.3155952960783721]
[7, -1.8634579701619018]
[8, -2.607050085701907]
[9, -3.3687482299101417]
[10, -4.326175809801971]
[16, -0.015698538763808046]
[17, -0.13589027219878816]
[18, -0.4518114470967092]
[19, -0.7858386508560742]
[20, -1.3155952960783721]
[21, -1.8634579701619018]
[22, -2.607050085701907]
[23, -3.3687482299101417]
[24, -4.326175809801971]
[25, -5.301709245688014]
---
[0.30271010932591447, 0.4634081002365316, 0.23388179043755386]
[1, -0.04449922610947112]
[2, -0.3244585913588054]
[3, -0.7806494810993542]
[4, -1.5083472308179438]
[5, -2.470899760315703]
[6, -3.7043033567954837]
[7, -5.171055386284948]
[8, -6.905193857757024]
[9, -8.864709893191321]
[10, -11.073261928254933]
[16, -0.3244585913588054]
[17, -0.7806494810993542]
[18, -1.5083472308179438]
[19, -2.470899760315703]
[20, -3.7043033567954837]
[21, -5.171055386284948]
[22, -6.905193857757024]
[23, -8.864709893191321]
[24, -11.073261928254933]
[25, -13.46494005980197]
---
[0.14256547715432005, 0.8276627215134034, 0.02977180133227663]
[1, 0.06431439116058044]
[2, -0.08323809658703425]
[3, -0.30216180015991795]
[4, -0.7329523718801099]
[5, -1.2351140969533234]
[6, -1.949142327491721]
[7, -2.734539605835009]
[8, -3.7317911659008858]
[9, -4.800340808933145]
[10, -6.080332747893495]
[16, -0.9576513380247021]
[17, -1.1349538233002108]
[18, -1.5241128689739]
[19, -1.984652984222386]
[20, -2.657047440490375]
[21, -3.4008246485807816]
[22, -4.3564513980114175]
[23, -5.383450621778971]
[24, -6.622221981783959]
[25, -7.931936902474111]
---
[0.0996552967577321, 0.6100729321813515, 0.2902717710609164]
[1, 0.06596967759196275]
[2, -0.06918381404623375]
[3, -0.23848812938268651]
[4, -0.602421165833411]
[5, -1.0215102270130472]
[6, -1.6352280082841375]
[7, -2.304101805043389]
[8, -3.167604238407692]
[9, -4.086261932994795]
[10, -5.199541449708977]
[16, -0.06918381404623375]
[17, -0.23848812938268651]
[18, -0.602421165833411]
[19, -1.0215102270130472]
[20, -1.6352280082841375]
[21, -2.304101805043389]
[22, -3.167604238407692]
[23, -4.086261932994795]
[24, -5.199541449708977]
[25, -6.36791466163443]
---
[0.18894973130000378, 0.5033692341276154, 0.3076810345723807]
[1, 0.02594847315648252]
[2, -0.13453856684931367]
[3, -0.3902427839197486]
[4, -0.8498928258859649]
[5, -1.427087987148711]
[6, -2.2082273281681624]
[7, -3.1069047268695114]
[8, -4.209495993963609]
[9, -5.429495209856574]
[10, -6.852849813098845]
[16, -0.13453856684931367]
[17, -0.3902427839197486]
[18, -0.8498928258859649]
[19, -1.427087987148711]
[20, -2.2082273281681624]
[21, -3.1069047268695114]
[22, -4.209495993963609]
[23, -5.429495209856574]
[24, -6.852849813098845]
[25, -8.391215133919593]
---
[0.08797692649408716, 0.5885239345905421, 0.3234991389153708]
[1, 0.0697274542499855]
[2, -0.05523644467049706]
[3, -0.2151094334855145]
[4, -0.5689824990128158]
[5, -0.9715603420424429]
[6, -1.5681382615185726]
[7, -2.213420955741749]
[8, -3.0527036978485156]
[9, -3.940690918601568]
[10, -5.022675117675138]
[16, -0.05523644467049706]
[17, -0.2151094334855145]
[18, -0.5689824990128158]
[19, -0.9715603420424429]
[20, -1.5681382615185726]
[21, -2.213420955741749]
[22, -3.0527036978485156]
[23, -3.940690918601568]
[24, -5.022675117675138]
[25, -6.153331974411219]
---
[0.05209601052829062, 0.7265387169434245, 0.2213652725282847]
[1, 0.08536078755608897]
[2, -0.030824904798645747]
[3, -0.17535282762950147]
[4, -0.5083709237597965]
[5, -0.8654999678840056]
[6, -1.42042542485988]
[7, -2.0008166018134004]
[8, -2.7790041913195935]
[9, -3.5826574953631107]
[10, -4.584107112970932]
[16, -0.04706985812262161]
[17, -0.17712037800752256]
[18, -0.5083709237597965]
[19, -0.8654999678840056]
[20, -1.42042542485988]
[21, -2.0008166018134004]
[22, -2.7790041913195935]
[23, -3.5826574953631107]
[24, -4.584107112970932]
[25, -5.61102064399018]
---
[0.2881494314215879, 0.38013612307839845, 0.33171444550001367]
[1, -0.035871420248608385]
[2, -0.24266922463531274]
[3, -0.6583662111163278]
[4, -1.3291352901405815]
[5, -2.2166229718835355]
[6, -3.358830743543879]
[7, -4.7168886054815005]
[8, -6.327522359955495]
[9, -8.14871184772807]
[10, -10.209400951141538]
[16, -0.24266922463531274]
[17, -0.6583662111163278]
[18, -1.3291352901405815]
[19, -2.2166229718835355]
[20, -3.358830743543879]
[21, -4.7168886054815005]
[22, -6.327522359955495]
[23, -8.14871184772807]
[24, -10.209400951141538]
[25, -12.448347423184003]
---
[0.23226179292528357, 0.6009958655674285, 0.16674234150728812]
[1, 0.009486835498887559]
[2, -0.2229607182435643]
[3, -0.5904024777789487]
[4, -1.1333751847102023]
[5, -1.826221376192133]
[6, -2.742664891461338]
[7, -3.8089164916797658]
[8, -5.0985492405428845]
[9, -6.537275519015038]
[10, -8.197020999823248]
[16, -0.28438806933353933]
[17, -0.5904024777789487]
[18, -1.1333751847102023]
[19, -1.826221376192133]
[20, -2.742664891461338]
[21, -3.8089164916797658]
[22, -5.0985492405428845]
[23, -6.537275519015038]
[24, -8.197020999823248]
[25, -9.998052653822812]
---
[0.3654500384089306, 0.5525637885278266, 0.08198617306324274]
[1, -0.11133180389787185]
[2, -0.6362627676662612]
[3, -1.5097126324959276]
[4, -2.684758637588439]
[5, -4.118094227026691]
[6, -5.919388933275437]
[7, -8.058509209422951]
[8, -10.539246501445765]
[9, -13.312613662545132]
[10, -16.349582241567695]
[16, -0.9663184994575005]
[17, -1.6186993909567917]
[18, -2.684758637588439]
[19, -4.118094227026691]
[20, -5.919388933275437]
[21, -8.058509209422951]
[22, -10.539246501445765]
[23, -13.312613662545132]
[24, -16.349582241567695]
[25, -19.54441705701097]
---
[0.357430568320574, 0.4240769100628746, 0.21849252161655136]
[1, -0.10330995873293318]
[2, -0.4914689883191471]
[3, -1.1444152031669972]
[4, -2.1545380505002667]
[5, -3.500182491460552]
[6, -5.196355176312212]
[7, -7.216290453394251]
[8, -9.565839408487486]
[9, -12.201875941022067]
[10, -15.100840854782998]
[16, -0.4914689883191471]
[17, -1.1444152031669972]
[18, -2.1545380505002667]
[19, -3.500182491460552]
[20, -5.196355176312212]
[21, -7.216290453394251]
[22, -9.565839408487486]
[23, -12.201875941022067]
[24, -15.100840854782998]
[25, -18.166842425022107]
---
[0.42306908684014294, 0.5023134526965104, 0.07461746046334677]
[1, -0.24686737558674282]
[2, -1.103479408922891]
[3, -2.4618636849595648]
[4, -4.203546139204337]
[5, -6.419439683999019]
[6, -9.130628394426328]
[7, -12.281538449316178]
[8, -15.807292869654276]
[9, -19.611462684683755]
[10, -23.572991678930425]
[16, -1.4553750860236447]
[17, -2.5260294596148753]
[18, -4.203546139204337]
[19, -6.419439683999019]
[20, -9.130628394426328]
[21, -12.281538449316178]
[22, -15.807292869654276]
[23, -19.611462684683755]
[24, -23.572991678930425]
[25, -27.518555825231697]
---
[0.24712903716949977, 0.4918643463933669, 0.2610066164371333]
[1, -0.004860871867377626]
[2, -0.21649463358945695]
[3, -0.5549552794521488]
[4, -1.120699228772115]
[5, -1.854596223397759]
[6, -2.8157309701643514]
[7, -3.9448800047016603]
[8, -5.300844087077548]
[9, -6.823534743718234]
[10, -8.569117513032321]
[16, -0.21649463358945695]
[17, -0.5549552794521488]
[18, -1.120699228772115]
[19, -1.854596223397759]
[20, -2.8157309701643514]
[21, -3.9448800047016603]
[22, -5.300844087077548]
[23, -6.823534743718234]
[24, -8.569117513032321]
[25, -10.469475867023991]
---
[0.05784008261973661, 0.6882196354630364, 0.25394028191722695]
[1, 0.08276609605675844]
[2, -0.03594117135828227]
[3, -0.18082695147417455]
[4, -0.5155772729383912]
[5, -0.8795847514797657]
[6, -1.440497590322694]
[7, -2.0306675861972865]
[8, -2.8177429416323347]
[9, -3.6340754420272985]
[10, -4.647313105345367]
[16, -0.04557992193161127]
[17, -0.18082695147417455]
[18, -0.5155772729383912]
[19, -0.8795847514797657]
[20, -1.440497590322694]
[21, -2.0306675861972865]
[22, -2.8177429416323347]
[23, -3.6340754420272985]
[24, -4.647313105345367]
[25, -5.689804710588014]
---
[0.013178167210451227, 0.5289861726894002, 0.4578356601001485]
[1, 0.09506391399925249]
[2, -0.005787932357570469]
[3, -0.11381189070862803]
[4, -0.4196726597930038]
[5, -0.7331105771421363]
[6, -1.2443853052245877]
[7, -1.7632371815717924]
[8, -2.4799258686523125]
[9, -3.2041917039972665]
[10, -4.126294350051321]
[16, -0.005787932357570469]
[17, -0.11381189070862803]
[18, -0.4196726597930038]
[19, -0.7331105771421363]
[20, -1.2443853052245877]
[21, -1.7632371815717924]
[22, -2.4799258686523125]
[23, -3.2041917039972665]
[24, -4.126294350051323]
[25, -5.055974142556992]
---
[0.3969536612448362, 0.5299958311124154, 0.07305050764274826]
[1, -0.17311433421411948]
[2, -0.8547974525013359]
[3, -1.9696599461184605]
[4, -3.442694901621846]
[5, -5.251192145212306]
[6, -7.4964672565887245]
[7, -10.142011312944643]
[8, -13.160199132596343]
[9, -16.482885171322526]
[10, -20.034134786907394]
[16, -1.250989318759062]
[17, -2.092403804568508]
[18, -3.442694901621846]
[19, -5.251192145212306]
[20, -7.4964672565887245]
[21, -10.142011312944643]
[22, -13.160199132596343]
[23, -16.482885171322526]
[24, -20.034134786907394]
[25, -23.67265389684622]
---
[0.0957967124347793, 0.49901562016487094, 0.40518766740034967]
[1, 0.06365191398493267]
[2, -0.049600140022555195]
[3, -0.21489447275118181]
[4, -0.5713917853470761]
[5, -0.9840863818595054]
[6, -1.5879839575276222]
[7, -2.2480788103958202]
[8, -3.099376579024637]
[9, -4.006871026481936]
[10, -5.105562741807022]
[16, -0.049600140022555195]
[17, -0.21489447275118181]
[18, -0.5713917853470761]
[19, -0.9840863818595054]
[20, -1.5879839575276222]
[21, -2.2480788103958202]
[22, -3.099376579024637]
[23, -4.006871026481936]
[24, -5.105562741807022]
[25, -6.260397826790187]
---
[0.2509110272228607, 0.6381211799883653, 0.11096779278877413]
[1, 0.004580971923802224]
[2, -0.2513165143689875]
[3, -0.6858879676871951]
[4, -1.350001965441099]
[5, -2.114113204733002]
[6, -3.109573756058515]
[7, -4.269049990670178]
[8, -5.66525987269568]
[9, -7.224068782188519]
[10, -9.015382003618729]
[16, -0.45447051695254714]
[17, -0.7765778270792623]
[18, -1.3568797190724424]
[19, -2.114113204733002]
[20, -3.109573756058515]
[21, -4.269049990670178]
[22, -5.66525987269568]
[23, -7.224068782188519]
[24, -9.015382003618729]
[25, -10.956668069717583]
---
[0.2507787751156806, 0.3952597732975026, 0.35396145158681674]
[1, -0.011248739530699936]
[2, -0.1825183760402652]
[3, -0.5230727269946527]
[4, -1.0902330049003068]
[5, -1.8320083189563519]
[6, -2.8003319932520667]
[7, -3.9430987374235]
[8, -5.311900103977711]
[9, -6.853609767090708]
[10, -8.616768863895299]
[16, -0.18251837604026377]
[17, -0.5230727269946527]
[18, -1.0902330049003068]
[19, -1.8320083189563519]
[20, -2.8003319932520667]
[21, -3.9430987374235]
[22, -5.311900103977711]
[23, -6.853609767090708]
[24, -8.616768863895299]
[25, -10.539137797796641]
---
[0.31453350596150453, 0.4720337019793229, 0.21343279205917262]
[1, -0.055443994680217656]
[2, -0.3670706457229073]
[3, -0.855791753306778]
[4, -1.6296781683690056]
[5, -2.656637813751016]
[6, -3.9676647084843153]
[7, -5.529383058402212]
[8, -7.369991685291652]
[9, -9.450033805101615]
[10, -11.784456962798723]
[16, -0.3670706457229073]
[17, -0.855791753306778]
[18, -1.6296781683690056]
[19, -2.656637813751016]
[20, -3.9676647084843153]
[21, -5.529383058402212]
[22, -7.369991685291652]
[23, -9.450033805101615]
[24, -11.784456962798723]
[25, -14.304943012732693]
---
[0.15955979045274815, 0.6433889666179108, 0.19705124292934115]
[1, 0.04582751150397115]
[2, -0.12436675516371025]
[3, -0.3800202111350529]
[4, -0.8092006102019255]
[5, -1.3291373354596572]
[6, -2.052054817983728]
[7, -2.865727551790843]
[8, -3.8823753810635013]
[9, -4.989748639537936]
[10, -6.299939913325315]
[16, -0.16284167865496785]
[17, -0.3800202111350529]
[18, -0.8092006102019255]
[19, -1.3291373354596572]
[20, -2.052054817983728]
[21, -2.865727551790843]
[22, -3.8823753810635013]
[23, -4.989748639537936]
[24, -6.299939913325315]
[25, -7.700029236960549]
---
[0.04865975762075749, 0.7163985679855605, 0.23494167439368208]
[1, 0.08614380665758574]
[2, -0.028998517526391508]
[3, -0.1697885355607191]
[4, -0.4988530549626887]
[5, -0.8518462120271302]
[6, -1.4024730709019515]
[7, -1.9770285674305434]
[8, -2.749217765599402]
[9, -3.545335598096242]
[10, -4.539087067211273]
[16, -0.041427051607814035]
[17, -0.1697885355607191]
[18, -0.4988530549626887]
[19, -0.8518462120271302]
[20, -1.4024730709019515]
[21, -1.9770285674305434]
[22, -2.749217765599402]
[23, -3.545335598096242]
[24, -4.539087067211273]
[25, -5.556765899416545]
---
[0.3401677154408324, 0.5380206015091408, 0.1218116830500266]
[1, -0.07987373200099626]
[2, -0.5036289477555413]
[3, -1.1800711696410815]
[4, -2.0853510052559585]
[5, -3.2882826698162004]
[6, -4.812304282846734]
[7, -6.627655597894114]
[8, -8.75191586117326]
[9, -11.14401548889579]
[10, -13.799588884161576]
[16, -0.620811700371263]
[17, -1.1800711696410815]
[18, -2.0853510052559585]
[19, -3.2882826698162004]
[20, -4.812304282846734]
[21, -6.627655597894114]
[22, -8.75191586117326]
[23, -11.14401548889579]
[24, -13.799588884161576]
[25, -16.635076516138387]
---
