[0.23576816917554025, 0.3863553888429937, 0.3778764419814661]
[1, -0.0038545770361110955]
[2, -0.1585847878308158]
[3, -0.4734077668542028]
[4, -1.0056406108160232]
[5, -1.698907326059596]
[6, -2.609557452374143]
[7, -3.68115570359857]
[8, -4.969859426480811]
[9, -6.418610355318522]
[10, -8.081546478358938]
[16, -0.1585847878308158]
[17, -0.4734077668542028]
[18, -1.0056406108160232]
[19, -1.698907326059596]
[20, -2.609557452374143]
[21, -3.68115570359857]
[22, -4.969859426480811]
[23, -6.418610355318522]
[24, -8.081546478358938]
[25, -9.89506388586424]
---
[0.4564355049274265, 0.5365147184643213, 0.007049776608252117]
[1, -0.33824099317377543]
[2, -1.5044575958624022]
[3, -3.4153482333490786]
[4, -6.00378683938253]
[5, -9.165305332868485]
[6, -12.807227408601]
[7, -16.795701699044038]
[8, -21.00173204980854]
[9, -25.249156132009364]
[10, -29.356397127915216]
[16, -7.130922659040107]
[17, -8.347221260249318]
[18, -10.312980344626755]
[19, -12.9476076961103]
[20, -16.159200603307454]
[21, -19.84200642194312]
[22, -23.873842865536098]
[23, -28.113061483842195]
[24, -32.39390485927517]
[25, -36.52238651320649]
---
[0.32701103252396735, 0.34790998979799126, 0.32507897767804145]
[1, -0.07022235523140238]
[2, -0.32198452876585576]
[3, -0.8454335880003327]
[4, -1.6697612122769214]
[5, -2.769390312554452]
[6, -4.167931723861523]
[7, -5.83775490166486]
[8, -7.798251222962048]
[9, -10.013126790667016]
[10, -12.48394799433486]
[16, -0.32198452876585576]
[17, -0.8454335880003327]
[18, -1.6697612122769214]
[19, -2.769390312554452]
[20, -4.167931723861523]
[21, -5.83775490166486]
[22, -7.798251222962048]
[23, -10.013126790667016]
[24, -12.48394799433486]
[25, -15.137765691545408]
---
[0.2715185760998981, 0.4048863277824807, 0.3235950961176213]
[1, -0.02303615808541224]
[2, -0.22074599794463268]
[3, -0.6016388002417642]
[4, -1.2241631019160848]
[5, -2.0426332960145346]
[6, -3.1025753755320777]
[7, -4.358035310977044]
[8, -5.853818980350136]
[9, -7.54204059726888]
[10, -9.462323218719717]
[16, -0.22074599794463268]
[17, -0.6016388002417642]
[18, -1.2241631019160848]
[19, -2.0426332960145346]
[20, -3.1025753755320777]
[21, -4.358035310977044]
[22, -5.853818980350136]
[23, -7.54204059726888]
[24, -9.462323218719717]
[25, -11.552876263296147]
---
[0.3594911524003423, 0.3830192935877277, 0.2574895540119301]
[1, -0.1060610617980359]
[2, -0.46412803317981]
[3, -1.1274694948123198]
[4, -2.1525102825140436]
[5, -3.517763509336072]
[6, -5.237406529253778]
[7, -7.284452417038506]
[8, -9.663314537341439]
[9, -12.329713855064336]
[10, -15.257256092335592]
[16, -0.46412803317981]
[17, -1.1274694948123198]
[18, -2.1525102825140436]
[19, -3.517763509336072]
[20, -5.237406529253778]
[21, -7.284452417038506]
[22, -9.663314537341439]
[23, -12.329713855064336]
[24, -15.257256092335592]
[25, -18.346879838460882]
---
[0.36047764685952566, 0.513187177372917, 0.1263351757675574]
[1, -0.10771088294250716]
[2, -0.5867214098550562]
[3, -1.329754904003991]
[4, -2.3612118848041064]
[5, -3.7353775935799094]
[6, -5.465818053578732]
[7, -7.525834584360302]
[8, -9.919090512228337]
[9, -12.60144177885652]
[10, -15.545585890337588]
[16, -0.6806653521816258]
[17, -1.329754904003991]
[18, -2.3612118848041064]
[19, -3.7353775935799094]
[20, -5.465818053578732]
[21, -7.525834584360302]
[22, -9.919090512228337]
[23, -12.60144177885652]
[24, -15.545585890337588]
[25, -18.652577815080967]
---
[0.28665114275131776, 0.438994677098191, 0.2743541801504912]
[1, -0.03191638557412944]
[2, -0.26812735684534916]
[3, -0.6841822408516208]
[4, -1.3556241892716911]
[5, -2.2401790858359503]
[6, -3.379800672718835]
[7, -4.731738919839086]
[8, -6.336763474658613]
[9, -8.14917887657702]
[10, -10.202425070330372]
[16, -0.26812735684534916]
[17, -0.6841822408516208]
[18, -1.3556241892716911]
[19, -2.2401790858359503]
[20, -3.379800672718835]
[21, -4.731738919839086]
[22, -6.336763474658613]
[23, -8.14917887657702]
[24, -10.202425070330372]
[25, -12.432568673174648]
---
[0.3665180790377702, 0.5057582708909492, 0.1277236500712807]
[1, -0.11721641240091571]
[2, -0.615415758817295]
[3, -1.3819136636433371]
[4, -2.457139411186975]
[5, -3.8900712648788103]
[6, -5.691071388894699]
[7, -7.833585535668481]
[8, -10.316539526475054]
[9, -13.09376106176092]
[10, -16.130247852929614]
[16, -0.7017069140611738]
[17, -1.3819136636433371]
[18, -2.457139411186975]
[19, -3.8900712648788103]
[20, -5.691071388894699]
[21, -7.833585535668481]
[22, -10.316539526475054]
[23, -13.09376106176092]
[24, -16.130247852929614]
[25, -19.32133575356416]
---
[0.29910036774858023, 0.6146422323099897, 0.08625739994143017]
[1, -0.02903901101933002]
[2, -0.3624270128847769]
[3, -0.9362433264152343]
[4, -1.7781398893530507]
[5, -2.7859359329835085]
[6, -4.02279048639399]
[7, -5.480946212599699]
[8, -7.210368967739638]
[9, -9.154146793158825]
[10, -11.352921142677317]
[16, -0.701141031446656]
[17, -1.1142206380594275]
[18, -1.829658901886765]
[19, -2.7859359329835085]
[20, -4.02279048639399]
[21, -5.480946212599699]
[22, -7.210368967739638]
[23, -9.154146793158825]
[24, -11.352921142677317]
[25, -13.727950455404226]
---
[0.3191022289887191, 0.5337935808931696, 0.1471041901181113]
[1, -0.057505202457397785]
[2, -0.4182337449433987]
[3, -0.9753615697131153]
[4, -1.7742894851294124]
[5, -2.8325003010591074]
[6, -4.1816658646918174]
[7, -5.787247987287676]
[8, -7.677687922276587]
[9, -9.811570329837584]
[10, -12.202660873462904]
[16, -0.4826581455575706]
[17, -0.9753615697131153]
[18, -1.7742894851294124]
[19, -2.8325003010591074]
[20, -4.1816658646918174]
[21, -5.787247987287676]
[22, -7.677687922276587]
[23, -9.811570329837584]
[24, -12.202660873462904]
[25, -14.77825602983547]
---
