[0.3594911524003423, 0.3830192935877277, 0.2574895540119301]
[1, -0.1060610617980359]
[2, -0.46412803317981]
[3, -1.1274694948123198]
[4, -2.1525102825140436]
[5, -3.517763509336072]
[6, -5.237406529253778]
[7, -7.284452417038506]
[8, -9.663314537341439]
[9, -12.329713855064336]
[10, -15.257256092335592]
[16, -0.46412803317981]
[17, -1.1274694948123198]
[18, -2.1525102825140436]
[19, -3.517763509336072]
[20, -5.237406529253778]
[21, -7.284452417038506]
[22, -9.663314537341439]
[23, -12.329713855064336]
[24, -15.257256092335592]
[25, -18.346879838460882]
---
[0.2630340252281406, 0.6574760382464093, 0.07948993652544988]
[1, 0.0022431991458574884]
[2, -0.26450366092572464]
[3, -0.7234100437391874]
[4, -1.4429227271583003]
[5, -2.33363933823817]
[6, -3.432582001472157]
[7, -4.6620675377864655]
[8, -6.138899187888167]
[9, -7.787074057798064]
[10, -9.676629962248132]
[16, -0.6627273922255853]
[17, -0.9930717341011259]
[18, -1.5917580389478914]
[19, -2.381758807730692]
[20, -3.432582001472157]
[21, -4.6620675377864655]
[22, -6.138899187888167]
[23, -7.787074057798064]
[24, -9.676629962248132]
[25, -11.720820213127622]
---
[0.36047764685952566, 0.513187177372917, 0.1263351757675574]
[1, -0.10771088294250716]
[2, -0.5867214098550562]
[3, -1.329754904003991]
[4, -2.3612118848041064]
[5, -3.7353775935799094]
[6, -5.465818053578732]
[7, -7.525834584360302]
[8, -9.919090512228337]
[9, -12.60144177885652]
[10, -15.545585890337588]
[16, -0.6806653521816258]
[17, -1.329754904003991]
[18, -2.3612118848041064]
[19, -3.7353775935799094]
[20, -5.465818053578732]
[21, -7.525834584360302]
[22, -9.919090512228337]
[23, -12.60144177885652]
[24, -15.545585890337588]
[25, -18.652577815080967]
---
[0.18787167127819207, 0.5772212693787749, 0.23490705934303305]
[1, 0.028455099926000572]
[2, -0.15876239489498972]
[3, -0.4180925501243962]
[4, -0.8789115372943727]
[5, -1.4549149282037903]
[6, -2.2361130483188263]
[7, -3.1324892202171384]
[8, -4.234032663199201]
[9, -5.4506354624893705]
[10, -6.871892438174484]
[16, -0.1639785185288673]
[17, -0.4180925501243962]
[18, -0.8789115372943727]
[19, -1.4549149282037903]
[20, -2.2361130483188263]
[21, -3.1324892202171384]
[22, -4.234032663199201]
[23, -5.4506354624893705]
[24, -6.871892438174484]
[25, -8.405990773574]
---
[0.28665114275131776, 0.438994677098191, 0.2743541801504912]
[1, -0.03191638557412944]
[2, -0.26812735684534916]
[3, -0.6841822408516208]
[4, -1.3556241892716911]
[5, -2.2401790858359503]
[6, -3.379800672718835]
[7, -4.731738919839086]
[8, -6.336763474658613]
[9, -8.14917887657702]
[10, -10.202425070330372]
[16, -0.26812735684534916]
[17, -0.6841822408516208]
[18, -1.3556241892716911]
[19, -2.2401790858359503]
[20, -3.379800672718835]
[21, -4.731738919839086]
[22, -6.336763474658613]
[23, -8.14917887657702]
[24, -10.202425070330372]
[25, -12.432568673174648]
---
[0.3665180790377702, 0.5057582708909492, 0.1277236500712807]
[1, -0.11721641240091571]
[2, -0.615415758817295]
[3, -1.3819136636433371]
[4, -2.457139411186975]
[5, -3.8900712648788103]
[6, -5.691071388894699]
[7, -7.833585535668481]
[8, -10.316539526475054]
[9, -13.09376106176092]
[10, -16.130247852929614]
[16, -0.7017069140611738]
[17, -1.3819136636433371]
[18, -2.457139411186975]
[19, -3.8900712648788103]
[20, -5.691071388894699]
[21, -7.833585535668481]
[22, -10.316539526475054]
[23, -13.09376106176092]
[24, -16.130247852929614]
[25, -19.32133575356416]
---
[0.20586428383968802, 0.5122811086392239, 0.281854607521088]
[1, 0.018089548052705594]
[2, -0.15981225678489466]
[3, -0.43694474247621]
[4, -0.923389693034585]
[5, -1.5404996744073016]
[6, -2.3669174979173717]
[7, -3.3239825197752753]
[8, -4.490286593837463]
[9, -5.7869725044594205]
[10, -7.291873815971298]
[16, -0.15981225678489466]
[17, -0.43694474247621]
[18, -0.923389693034585]
[19, -1.5404996744073016]
[20, -2.3669174979173717]
[21, -3.3239825197752753]
[22, -4.490286593837463]
[23, -5.7869725044594205]
[24, -7.291873815971298]
[25, -8.923208158755504]
---
[0.17746463568897144, 0.5836835940775386, 0.23885177023348989]
[1, 0.03359112286479302]
[2, -0.1462812498953255]
[3, -0.39381114223212277]
[4, -0.8404148259906264]
[5, -1.3941210522417264]
[6, -2.1507673118431896]
[7, -3.014512678339668]
[8, -4.081182154447883]
[9, -5.2548769321099815]
[10, -6.631153737127413]
[16, -0.15173065851787867]
[17, -0.39381114223212277]
[18, -0.8404148259906264]
[19, -1.3941210522417264]
[20, -2.1507673118431896]
[21, -3.014512678339668]
[22, -4.081182154447883]
[23, -5.2548769321099815]
[24, -6.631153737127413]
[25, -8.112870317931446]
---
[0.29910036774858023, 0.6146422323099897, 0.08625739994143017]
[1, -0.02903901101933002]
[2, -0.3624270128847769]
[3, -0.9362433264152343]
[4, -1.7781398893530507]
[5, -2.7859359329835085]
[6, -4.02279048639399]
[7, -5.480946212599699]
[8, -7.210368967739638]
[9, -9.154146793158825]
[10, -11.352921142677317]
[16, -0.701141031446656]
[17, -1.1142206380594275]
[18, -1.829658901886765]
[19, -2.7859359329835085]
[20, -4.02279048639399]
[21, -5.480946212599699]
[22, -7.210368967739638]
[23, -9.154146793158825]
[24, -11.352921142677317]
[25, -13.727950455404226]
---
[0.3191022289887191, 0.5337935808931696, 0.1471041901181113]
[1, -0.057505202457397785]
[2, -0.4182337449433987]
[3, -0.9753615697131153]
[4, -1.7742894851294124]
[5, -2.8325003010591074]
[6, -4.1816658646918174]
[7, -5.787247987287676]
[8, -7.677687922276587]
[9, -9.811570329837584]
[10, -12.202660873462904]
[16, -0.4826581455575706]
[17, -0.9753615697131153]
[18, -1.7742894851294124]
[19, -2.8325003010591074]
[20, -4.1816658646918174]
[21, -5.787247987287676]
[22, -7.677687922276587]
[23, -9.811570329837584]
[24, -12.202660873462904]
[25, -14.77825602983547]
---
[0.3459730676044375, 0.5726045655811705, 0.081422366814392]
[1, -0.08206665240948326]
[2, -0.5389734299843582]
[3, -1.3130959720012014]
[4, -2.384439877525858]
[5, -3.6445898729732504]
[6, -5.237255256373999]
[7, -7.129511920784983]
[8, -9.340310766757835]
[9, -11.823642832978914]
[10, -14.574541801957958]
[16, -0.8865788330498845]
[17, -1.4495882108901186]
[18, -2.3849640347436036]
[19, -3.6445898729732504]
[20, -5.237255256373999]
[21, -7.129511920784983]
[22, -9.340310766757835]
[23, -11.823642832978914]
[24, -14.574541801957958]
[25, -17.5019406305585]
---
[0.39522121860716436, 0.5121274166377245, 0.09265136475511104]
[1, -0.17220423840547028]
[2, -0.8306547684557785]
[3, -1.879605554582301]
[4, -3.215813480339088]
[5, -4.989608417012457]
[6, -7.195179752641403]
[7, -9.799153283154023]
[8, -12.77367126903263]
[9, -16.054398667090474]
[10, -19.56596376384595]
[16, -1.0381042076987144]
[17, -1.88152599853386]
[18, -3.215813480339088]
[19, -4.989608417012457]
[20, -7.195179752641403]
[21, -9.799153283154023]
[22, -12.77367126903263]
[23, -16.054398667090474]
[24, -19.56596376384595]
[25, -23.171469567786104]
---
[0.15902163359499372, 0.6465840392424026, 0.19439432716260358]
[1, 0.04625428160146754]
[2, -0.12376161165582858]
[3, -0.38072365954687937]
[4, -0.8094979191288871]
[5, -1.3284918836200617]
[6, -2.0505396395102324]
[7, -2.862806064991864]
[8, -3.878120806643902]
[9, -4.983625262400747]
[10, -6.292024904610284]
[16, -0.16439617067692752]
[17, -0.38072365954687937]
[18, -0.8094979191288871]
[19, -1.3284918836200617]
[20, -2.0505396395102324]
[21, -2.862806064991864]
[22, -3.878120806643902]
[23, -4.983625262400747]
[24, -6.292024904610284]
[25, -7.689804441676037]
---
[0.2526446642756875, 0.4331037420666637, 0.3142515936576489]
[1, -0.009915722898556112]
[2, -0.19919669332690973]
[3, -0.5455029710812909]
[4, -1.1211808921114994]
[5, -1.8717321031589904]
[6, -2.85159276465163]
[7, -4.006142766340043]
[8, -5.389458102830713]
[9, -6.94585329160665]
[10, -8.726252826894703]
[16, -0.19919669332690973]
[17, -0.5455029710812909]
[18, -1.1211808921114994]
[19, -1.8717321031589904]
[20, -2.85159276465163]
[21, -4.006142766340043]
[22, -5.389458102830713]
[23, -6.94585329160665]
[24, -8.726252826894703]
[25, -10.665648793349371]
---
[0.33777036374749575, 0.3744181965797175, 0.28781143967278666]
[1, -0.07954721248598276]
[2, -0.37156954910136336]
[3, -0.9380203515884631]
[4, -1.8235477409004175]
[5, -3.0031463440580666]
[6, -4.498767455513897]
[7, -6.282529409863741]
[8, -8.370756293559893]
[9, -10.724572361528711]
[10, -13.338751656498673]
[16, -0.37156954910136336]
[17, -0.9380203515884631]
[18, -1.8235477409004175]
[19, -3.0031463440580666]
[20, -4.498767455513897]
[21, -6.282529409863741]
[22, -8.370756293559893]
[23, -10.724572361528711]
[24, -13.338751656498673]
[25, -16.132217827958183]
---
[0.32962332186306625, 0.3434393676620529, 0.32693731047488084]
[1, -0.07312603199052888]
[2, -0.32726984312179186]
[3, -0.8592277271954316]
[4, -1.6959042464114844]
[5, -2.8126299094353326]
[6, -4.231876707903368]
[7, -5.9267356695677105]
[8, -7.915131999368384]
[9, -10.160933075010036]
[10, -12.663310223202398]
[16, -0.32726984312179186]
[17, -0.8592277271954316]
[18, -1.6959042464114844]
[19, -2.8126299094353326]
[20, -4.231876707903368]
[21, -5.9267356695677105]
[22, -7.915131999368384]
[23, -10.160933075010036]
[24, -12.663310223202398]
[25, -15.348022013349032]
---
[0.20159585604420058, 0.40295281919193227, 0.3954513247638672]
[1, 0.01418760940332504]
[2, -0.1223123020566689]
[3, -0.389833485322022]
[4, -0.8607675127805706]
[5, -1.46340340433713]
[6, -2.269448346907872]
[7, -3.2071801310105257]
[8, -4.34826147048345]
[9, -5.620794023843226]
[10, -7.095742948339253]
[16, -0.1223123020566689]
[17, -0.389833485322022]
[18, -0.8607675127805706]
[19, -1.46340340433713]
[20, -2.269448346907872]
[21, -3.2071801310105257]
[22, -4.34826147048345]
[23, -5.620794023843226]
[24, -7.095742948339253]
[25, -8.698447285962615]
---
[0.4368070124323439, 0.4421185186732911, 0.1210744688943651]
[1, -0.2957575422883224]
[2, -1.1935655955539004]
[3, -2.4992673003194397]
[4, -4.388799070213071]
[5, -6.853057299683201]
[6, -9.837159174892799]
[7, -13.268453249007967]
[8, -17.058804911533294]
[9, -21.092512048868855]
[10, -25.225364756360694]
[16, -1.2416467226701513]
[17, -2.4992673003194397]
[18, -4.388799070213071]
[19, -6.853057299683201]
[20, -9.837159174892799]
[21, -13.268453249007967]
[22, -17.058804911533294]
[23, -21.092512048868855]
[24, -25.225364756360694]
[25, -29.268512379611558]
---
[0.07097868798081829, 0.6067698325838531, 0.32225147943532867]
[1, 0.0762178099998323]
[2, -0.04443690629642418]
[3, -0.19150385726263153]
[4, -0.5331499417311022]
[5, -0.9133055463318556]
[6, -1.4880402844088878]
[7, -2.1012845422781026]
[8, -2.909107929172092]
[9, -3.7554407775937078]
[10, -4.796351992430672]
[16, -0.04443690629642418]
[17, -0.19150385726263153]
[18, -0.5331499417311022]
[19, -0.9133055463318556]
[20, -1.4880402844088878]
[21, -2.1012845422781026]
[22, -2.909107929172092]
[23, -3.7554407775937078]
[24, -4.796351992430672]
[25, -5.87576268720183]
---
[0.3265288899111259, 0.4377925221307909, 0.2356785879580832]
[1, -0.06645929743556281]
[2, -0.3785014140993809]
[3, -0.9065065992999706]
[4, -1.7363811166334187]
[5, -2.8390632447047155]
[6, -4.241750100260569]
[7, -5.91342609285702]
[8, -7.877264126891672]
[9, -10.0939706084602]
[10, -12.569647132053102]
[16, -0.3785014140993809]
[17, -0.9065065992999706]
[18, -1.7363811166334187]
[19, -2.8390632447047155]
[20, -4.241750100260569]
[21, -5.91342609285702]
[22, -7.877264126891672]
[23, -10.0939706084602]
[24, -12.569647132053102]
[25, -15.229822642536316]
---
[0.33397801890715345, 0.3907199615274228, 0.2753020195654238]
[1, -0.07479982155650192]
[2, -0.3694183169274936]
[3, -0.9227654568879956]
[4, -1.789194442436471]
[5, -2.942199572502554]
[6, -4.405690981177358]
[7, -6.15062740247931]
[8, -8.195871949949495]
[9, -10.502350700907774]
[10, -13.068923357500044]
[16, -0.3694183169274936]
[17, -0.9227654568879956]
[18, -1.789194442436471]
[19, -2.942199572502554]
[20, -4.405690981177358]
[21, -6.15062740247931]
[22, -8.195871949949495]
[23, -10.502350700907774]
[24, -13.068923357500044]
[25, -15.816668728354326]
---
[0.020375602531680085, 0.8067739443221571, 0.17285045314616282]
[1, 0.0949235819083043]
[2, -0.010363973989909426]
[3, -0.12580294021687238]
[4, -0.4413965873985141]
[5, -0.7649062304237517]
[6, -1.2852994268693565]
[7, -1.8149116964069436]
[8, -2.543801375783329]
[9, -3.281910128245839]
[10, -4.219296290265495]
[16, -0.023575990094948197]
[17, -0.13383439411541787]
[18, -0.4443033249898278]
[19, -0.7649062304237517]
[20, -1.2852994268693565]
[21, -1.8149116964069436]
[22, -2.543801375783329]
[23, -3.281910128245839]
[24, -4.219296290265495]
[25, -5.165901511829743]
---
[0.2939377711576153, 0.6184948679035245, 0.0875673609388602]
[1, -0.02456107787687358]
[2, -0.34764691667760983]
[3, -0.9037164619755004]
[4, -1.7243532855045145]
[5, -2.706523060841312]
[6, -3.9128452831224507]
[7, -5.333266131979883]
[8, -7.020644685078404]
[9, -8.91620529544337]
[10, -11.064515811727025]
[16, -0.6777974445881683]
[17, -1.0786258507829956]
[18, -1.776035431621122]
[19, -2.706523060841312]
[20, -3.9128452831224507]
[21, -5.333266131979883]
[22, -7.020644685078404]
[23, -8.91620529544337]
[24, -11.064515811727025]
[25, -13.386899535953523]
---
[0.12270683249222025, 0.5034322861794766, 0.37386088132830314]
[1, 0.05363934475915357]
[2, -0.06965402706780566]
[3, -0.2574337085926757]
[4, -0.637860131428799]
[5, -1.0906856922180126]
[6, -1.7361579832763936]
[7, -2.4540293333423677]
[8, -3.36454684925627]
[9, -4.347459388845044]
[10, -5.522989243648441]
[16, -0.06965402706780566]
[17, -0.2574337085926757]
[18, -0.637860131428799]
[19, -1.0906856922180126]
[20, -1.7361579832763936]
[21, -2.4540293333423677]
[22, -3.36454684925627]
[23, -4.347459388845044]
[24, -5.522989243648441]
[25, -6.77070785436671]
---
[0.3561571648336073, 0.4925770690447779, 0.1512657661216147]
[1, -0.10332229494769649]
[2, -0.552202426798192]
[3, -1.2192715608318878]
[4, -2.215364650977662]
[5, -3.544804917959439]
[6, -5.221521274958377]
[7, -7.220264237401025]
[8, -9.546025723701755]
[9, -12.15749616108898]
[10, -15.030632638561352]
[16, -0.584374470508024]
[17, -1.2192715608318878]
[18, -2.215364650977662]
[19, -3.544804917959439]
[20, -5.221521274958377]
[21, -7.220264237401025]
[22, -9.546025723701755]
[23, -12.15749616108898]
[24, -15.030632638561352]
[25, -18.071744092758124]
---
[0.3262134152040541, 0.39267271163204376, 0.28111387316390213]
[1, -0.06679972040767553]
[2, -0.34549671863985054]
[3, -0.8711832006361846]
[4, -1.6979247928688266]
[5, -2.7972405389149686]
[6, -4.195738766724742]
[7, -5.862969419327163]
[8, -7.821479485677736]
[9, -10.03245100835495]
[10, -12.501150115164705]
[16, -0.34549671863985054]
[17, -0.8711832006361846]
[18, -1.6979247928688266]
[19, -2.7972405389149686]
[20, -4.195738766724742]
[21, -5.862969419327163]
[22, -7.821479485677736]
[23, -10.03245100835495]
[24, -12.501150115164705]
[25, -15.153095721926883]
---
[0.38526225372853384, 0.4266311663423512, 0.18810657992911495]
[1, -0.15009170573535185]
[2, -0.6557289885283695]
[3, -1.4652864801718692]
[4, -2.7027828946257473]
[5, -4.3488984860916755]
[6, -6.403517663443992]
[7, -8.83648678932452]
[8, -11.630491537471366]
[9, -14.728148634635593]
[10, -18.068654769321185]
[16, -0.6557289885283695]
[17, -1.4652864801718692]
[18, -2.7027828946257473]
[19, -4.3488984860916755]
[20, -6.403517663443992]
[21, -8.83648678932452]
[22, -11.630491537471366]
[23, -14.728148634635593]
[24, -18.068654769321185]
[25, -21.52535718152675]
---
[0.34638415758854074, 0.44544080087618065, 0.20817504153527858]
[1, -0.08934599154909222]
[2, -0.4620470345815306]
[3, -1.0639355637749817]
[4, -2.00049105494424]
[5, -3.24838913674551]
[6, -4.82669843702416]
[7, -6.708421078577624]
[8, -8.905712273609163]
[9, -11.378590391538348]
[10, -14.114713969376584]
[16, -0.4620470345815306]
[17, -1.0639355637749817]
[18, -2.00049105494424]
[19, -3.24838913674551]
[20, -4.82669843702416]
[21, -6.708421078577624]
[22, -8.905712273609163]
[23, -11.378590391538348]
[24, -14.114713969376584]
[25, -17.027952115002023]
---
[0.215894428864783, 0.4315811144166665, 0.35252445671855037]
[1, 0.00957279294617024]
[2, -0.1458648930932455]
[3, -0.4339940188231921]
[4, -0.9325842257176419]
[5, -1.572691897589408]
[6, -2.4232519972209006]
[7, -3.415298133736583]
[8, -4.61768255472367]
[9, -5.961138456917574]
[10, -7.513427022174445]
[16, -0.1458648930932455]
[17, -0.4339940188231921]
[18, -0.9325842257176419]
[19, -1.572691897589408]
[20, -2.4232519972209006]
[21, -3.415298133736583]
[22, -4.61768255472367]
[23, -5.961138456917574]
[24, -7.513427022174445]
[25, -9.201318813928726]
---
[0.21081439832982624, 0.4477750228888396, 0.34141057878133413]
[1, 0.013036798699241103]
[2, -0.1442475253374141]
[3, -0.42612134518255684]
[4, -0.9171612049433719]
[5, -1.5448313729058967]
[6, -2.381661176951623]
[7, -3.3550973164630946]
[8, -4.537603349993335]
[9, -5.856379769037592]
[10, -7.382968450729841]
[16, -0.1442475253374141]
[17, -0.42612134518255684]
[18, -0.9171612049433719]
[19, -1.5448313729058967]
[20, -2.381661176951623]
[21, -3.3550973164630946]
[22, -4.537603349993335]
[23, -5.856379769037592]
[24, -7.382968450729841]
[25, -9.041119564470215]
---
[0.37046074782479754, 0.5889654571024298, 0.04057379507277274]
[1, -0.10743540674613997]
[2, -0.6526690164814056]
[3, -1.5979507590137785]
[4, -2.957706287665957]
[5, -4.680948642205948]
[6, -6.760874785592006]
[7, -9.113341615290409]
[8, -11.707218372447386]
[9, -14.592845384831207]
[10, -17.744098872527907]
[16, -1.835327456979573]
[17, -2.4705944166265112]
[18, -3.53980181291075]
[19, -5.004568380584826]
[20, -6.878778074182333]
[21, -9.113341615290409]
[22, -11.707218372447386]
[23, -14.592845384831207]
[24, -17.744098872527907]
[25, -21.04225307536324]
---
[0.36062807041921036, 0.5193555570448088, 0.12001637253598074]
[1, -0.10772210630230461]
[2, -0.5923072812460475]
[3, -1.3530854097793792]
[4, -2.386256123362787]
[5, -3.76241203373788]
[6, -5.495239376328504]
[7, -7.5578721234381705]
[8, -9.954075263242874]
[9, -12.639519415162102]
[10, -15.586988886993078]
[16, -0.705378849462835]
[17, -1.3530854097793792]
[18, -2.386256123362787]
[19, -3.76241203373788]
[20, -5.495239376328504]
[21, -7.5578721234381705]
[22, -9.954075263242874]
[23, -12.639519415162102]
[24, -15.586988886993078]
[25, -18.697367977860104]
---
[0.3320168514564854, 0.396666793557745, 0.27131635498576956]
[1, -0.0725452761057653]
[2, -0.3668427260387034]
[3, -0.9133336913364076]
[4, -1.7698512862925866]
[5, -2.909229386933896]
[6, -4.356247455694552]
[7, -6.081363766967127]
[8, -8.104586633288534]
[9, -10.386804332543054]
[10, -12.928774764624407]
[16, -0.3668427260387034]
[17, -0.9133336913364076]
[18, -1.7698512862925866]
[19, -2.909229386933896]
[20, -4.356247455694552]
[21, -6.081363766967127]
[22, -8.104586633288534]
[23, -10.386804332543054]
[24, -12.928774764624407]
[25, -15.652696688983994]
---
[0.22335556609388685, 0.3979318835644461, 0.3787125503416671]
[1, 0.00342183194387502]
[2, -0.14590152511665194]
[3, -0.4427312401363778]
[4, -0.9514939442405435]
[5, -1.6097930847760935]
[6, -2.480011824353066]
[7, -3.4997204414102456]
[8, -4.731186764908263]
[9, -6.11158004008566]
[10, -7.701773637058226]
[16, -0.14590152511665194]
[17, -0.4427312401363778]
[18, -0.9514939442405435]
[19, -1.6097930847760935]
[20, -2.480011824353066]
[21, -3.4997204414102456]
[22, -4.731186764908263]
[23, -6.11158004008566]
[24, -7.701773637058226]
[25, -9.43408803903458]
---
[0.03324931667221799, 0.9375263646275065, 0.029224318700275483]
[1, 0.09289071868278995]
[2, -0.014707579606227483]
[3, -0.13652444052966572]
[4, -0.45883031842491206]
[5, -0.7953547589545679]
[6, -1.3323682164557844]
[7, -1.8836002365844131]
[8, -2.6353212734872633]
[9, -3.401260867453278]
[10, -4.36768932129905]
[16, -0.2275455384484566]
[17, -0.34200860956878076]
[18, -0.656960697660908]
[19, -0.9861313483874603]
[20, -1.5157910160858017]
[21, -2.0596692464183115]
[22, -2.8040364937152327]
[23, -3.5626223034380877]
[24, -4.5216971242438895]
[25, -5.49499034134821]
---
[0.22764852030432953, 0.4837069550909759, 0.28864452460469475]
[1, 0.006062776575177509]
[2, -0.18005330480123546]
[3, -0.48722627947637276]
[4, -1.0117345063115806]
[5, -1.6860732823539906]
[6, -2.5777310518684273]
[7, -3.619164210087983]
[8, -4.877729217899888]
[9, -6.285434687925429]
[10, -7.908117872766807]
[16, -0.18005330480123546]
[17, -0.48722627947637276]
[18, -1.0117345063115806]
[19, -1.6860732823539906]
[20, -2.5777310518684273]
[21, -3.619164210087983]
[22, -4.877729217899888]
[23, -6.285434687925429]
[24, -7.908117872766807]
[25, -9.672633117949433]
---
[0.029292695014704787, 0.5321481391545906, 0.4385591658307046]
[1, 0.08918636228508917]
[2, -0.01351489825507315]
[3, -0.13170495786452036]
[4, -0.4456308222210502]
[5, -0.7762671280240305]
[6, -1.302639238574087]
[7, -1.8457217905705086]
[8, -2.5845401473111247]
[9, -3.340068945402468]
[10, -4.291333545068847]
[16, -0.01351489825507315]
[17, -0.13170495786452036]
[18, -0.4456308222210502]
[19, -0.7762671280240305]
[20, -1.302639238574087]
[21, -1.8457217905705086]
[22, -2.5845401473111247]
[23, -3.340068945402468]
[24, -4.291333545068847]
[25, -5.259308481065906]
---
[0.053623065307109516, 0.662089667925397, 0.28428726676749333]
[1, 0.08340280516147516]
[2, -0.03407641249357738]
[3, -0.17141868228719162]
[4, -0.5025414744840149]
[5, -0.8613339969385763]
[6, -1.4164827013797094]
[7, -1.9993011360559592]
[8, -2.7784757523195553]
[9, -3.5853200917724832]
[10, -4.588520488463876]
[16, -0.03775800569856571]
[17, -0.17141868228719162]
[18, -0.5025414744840149]
[19, -0.8613339969385763]
[20, -1.4164827013797094]
[21, -1.9993011360559592]
[22, -2.7784757523195553]
[23, -3.5853200917724832]
[24, -4.588520488463876]
[25, -5.6193884137494505]
---
[0.39550988228670875, 0.4034328368948281, 0.20105728081846316]
[1, -0.17033635212558806]
[2, -0.7007065429397897]
[3, -1.588070644912952]
[4, -2.936087762284282]
[5, -4.7231423637533085]
[6, -6.9428447460002385]
[7, -9.559907169763127]
[8, -12.547150046609934]
[9, -15.837757718016903]
[10, -19.356270311043804]
[16, -0.7007065429397897]
[17, -1.588070644912952]
[18, -2.936087762284282]
[19, -4.7231423637533085]
[20, -6.9428447460002385]
[21, -9.559907169763127]
[22, -12.547150046609934]
[23, -15.837757718016903]
[24, -19.356270311043804]
[25, -22.96216082233952]
---
[0.16886485115536382, 0.46592631926263056, 0.3652088295820056]
[1, 0.03301580962977653]
[2, -0.10296487379425087]
[3, -0.334795860098518]
[4, -0.7642478161060794]
[5, -1.298070188851824]
[6, -2.0295130895167888]
[7, -2.865324232504908]
[8, -3.8987452011687354]
[9, -5.0364817368318295]
[10, -6.371568835731843]
[16, -0.10296487379425087]
[17, -0.334795860098518]
[18, -0.7642478161060794]
[19, -1.298070188851824]
[20, -2.0295130895167888]
[21, -2.865324232504908]
[22, -3.8987452011687354]
[23, -5.0364817368318295]
[24, -6.371568835731843]
[25, -7.809695439004234]
---
[0.25447124829179946, 0.38574141009708035, 0.35978734161112014]
[1, -0.014096713469464816]
[2, -0.18502930445575458]
[3, -0.5314074053534753]
[4, -1.1062661834317098]
[5, -1.859892440421079]
[6, -2.8419296962348013]
[7, -4.002530322251992]
[8, -5.390944005080378]
[9, -6.956169346396571]
[10, -8.744075826776866]
[16, -0.18502930445575458]
[17, -0.5314074053534753]
[18, -1.1062661834317098]
[19, -1.859892440421079]
[20, -2.8419296962348013]
[21, -4.002530322251992]
[22, -5.390944005080378]
[23, -6.956169346396571]
[24, -8.744075826776866]
[25, -10.69375912236831]
---
[0.10673763816798913, 0.5070119225809326, 0.3862504392510782]
[1, 0.05990222549422412]
[2, -0.058115948537125914]
[3, -0.23234086013315788]
[4, -0.5984009423991026]
[5, -1.0269090236580183]
[6, -1.6472522732588175]
[7, -2.3300435023698554]
[8, -3.2046697367762986]
[9, -4.141742586195178]
[10, -5.2706390217460255]
[16, -0.058115948537125914]
[17, -0.23234086013315788]
[18, -0.5984009423991026]
[19, -1.0269090236580183]
[20, -1.6472522732588175]
[21, -2.3300435023698554]
[22, -3.2046697367762986]
[23, -4.141742586195177]
[24, -5.2706390217460255]
[25, -6.461886507997813]
---
[0.430843802858545, 0.5224308298695373, 0.04672536727191777]
[1, -0.27050818063365795]
[2, -1.223234417530307]
[3, -2.779057255899352]
[4, -4.852143078230711]
[5, -7.330865069512219]
[6, -10.208728561577981]
[7, -13.531999400332746]
[8, -17.224730290756998]
[9, -21.179518711956895]
[10, -25.264221797940035]
[16, -2.0924235475336275]
[17, -3.204394534033861]
[18, -4.973902237775121]
[19, -7.330865069512219]
[20, -10.208728561577981]
[21, -13.531999400332746]
[22, -17.224730290756998]
[23, -21.179518711956895]
[24, -25.264221797940035]
[25, -29.296919588188892]
---
[0.17708145381439339, 0.4352002197796284, 0.38771832640597825]
[1, 0.02753314414349859]
[2, -0.10448138703894898]
[3, -0.34429149278406895]
[4, -0.7820664450814305]
[5, -1.3315519518846017]
[6, -2.0790015180216743]
[7, -2.938157980367565]
[8, -3.995261501506967]
[9, -5.163992915325686]
[10, -6.530304249154604]
[16, -0.10448138703894898]
[17, -0.34429149278406895]
[18, -0.7820664450814305]
[19, -1.3315519518846017]
[20, -2.0790015180216743]
[21, -2.938157980367565]
[22, -3.995261501506967]
[23, -5.163992915325686]
[24, -6.530304249154604]
[25, -8.006537338137948]
---
[0.3673713917441343, 0.5997047473228911, 0.03292386093297454]
[1, -0.09734382336374665]
[2, -0.6205744535931388]
[3, -1.5311729425901774]
[4, -2.8559324215347885]
[5, -4.549485009420891]
[6, -6.627192301594721]
[7, -9.025858173967986]
[8, -11.730934030560046]
[9, -14.632052709105277]
[10, -17.74437484177879]
[16, -2.20999535153945]
[17, -2.8163328659927656]
[18, -3.844832765436803]
[19, -5.256094699494534]
[20, -7.073540509098069]
[21, -9.249059100765276]
[22, -11.79175819591229]
[23, -14.632052709105277]
[24, -17.74437484177879]
[25, -21.006801523984326]
---
[0.41373206094104936, 0.5829745786396298, 0.003293360419320739]
[1, -0.1726755622971723]
[2, -0.9120216527438316]
[3, -2.1707477967462325]
[4, -3.9607172771363452]
[5, -6.221793749000497]
[6, -8.94771334339546]
[7, -12.053461782628395]
[8, -15.497230432688573]
[9, -19.14465715349713]
[10, -22.883207599379368]
[16, -8.407090903285498]
[17, -9.174565899131053]
[18, -10.471416138896311]
[19, -12.288546439394182]
[20, -14.586353529995554]
[21, -17.33795536128411]
[22, -20.47826695563056]
[23, -23.945151026158264]
[24, -27.623327901038532]
[25, -31.379999769165046]
---
[0.2371143740516903, 0.4556426348116926, 0.30724299113661707]
[1, -7.819466755307758e-05]
[2, -0.1832683307662606]
[3, -0.5042673976238475]
[4, -1.0464876198461979]
[5, -1.7478678481440937]
[6, -2.670441734639522]
[7, -3.752087161968808]
[8, -5.054641626091163]
[9, -6.515351909203756]
[10, -8.194025022096522]
[16, -0.1832683307662606]
[17, -0.5042673976238475]
[18, -1.0464876198461979]
[19, -1.7478678481440937]
[20, -2.670441734639522]
[21, -3.752087161968808]
[22, -5.054641626091163]
[23, -6.515351909203756]
[24, -8.194025022096522]
[25, -10.02137493677075]
---
[0.03235073746978706, 0.5509839195828533, 0.41666534294735963]
[1, 0.08842471803710765]
[2, -0.015698538763808046]
[3, -0.13589027219878816]
[4, -0.4518114470967092]
[5, -0.7858386508560742]
[6, -1.3155952960783721]
[7, -1.8634579701619018]
[8, -2.607050085701907]
[9, -3.3687482299101417]
[10, -4.326175809801971]
[16, -0.015698538763808046]
[17, -0.13589027219878816]
[18, -0.4518114470967092]
[19, -0.7858386508560742]
[20, -1.3155952960783721]
[21, -1.8634579701619018]
[22, -2.607050085701907]
[23, -3.3687482299101417]
[24, -4.326175809801971]
[25, -5.301709245688014]
---
[0.30271010932591447, 0.4634081002365316, 0.23388179043755386]
[1, -0.04449922610947112]
[2, -0.3244585913588054]
[3, -0.7806494810993542]
[4, -1.5083472308179438]
[5, -2.470899760315703]
[6, -3.7043033567954837]
[7, -5.171055386284948]
[8, -6.905193857757024]
[9, -8.864709893191321]
[10, -11.073261928254933]
[16, -0.3244585913588054]
[17, -0.7806494810993542]
[18, -1.5083472308179438]
[19, -2.470899760315703]
[20, -3.7043033567954837]
[21, -5.171055386284948]
[22, -6.905193857757024]
[23, -8.864709893191321]
[24, -11.073261928254933]
[25, -13.46494005980197]
---
[0.14256547715432005, 0.8276627215134034, 0.02977180133227663]
[1, 0.06431439116058044]
[2, -0.08323809658703425]
[3, -0.30216180015991795]
[4, -0.7329523718801099]
[5, -1.2351140969533234]
[6, -1.949142327491721]
[7, -2.734539605835009]
[8, -3.7317911659008858]
[9, -4.800340808933145]
[10, -6.080332747893495]
[16, -0.9576513380247021]
[17, -1.1349538233002108]
[18, -1.5241128689739]
[19, -1.984652984222386]
[20, -2.657047440490375]
[21, -3.4008246485807816]
[22, -4.3564513980114175]
[23, -5.383450621778971]
[24, -6.622221981783959]
[25, -7.931936902474111]
---
[0.0996552967577321, 0.6100729321813515, 0.2902717710609164]
[1, 0.06596967759196275]
[2, -0.06918381404623375]
[3, -0.23848812938268651]
[4, -0.602421165833411]
[5, -1.0215102270130472]
[6, -1.6352280082841375]
[7, -2.304101805043389]
[8, -3.167604238407692]
[9, -4.086261932994795]
[10, -5.199541449708977]
[16, -0.06918381404623375]
[17, -0.23848812938268651]
[18, -0.602421165833411]
[19, -1.0215102270130472]
[20, -1.6352280082841375]
[21, -2.304101805043389]
[22, -3.167604238407692]
[23, -4.086261932994795]
[24, -5.199541449708977]
[25, -6.36791466163443]
---
[0.18894973130000378, 0.5033692341276154, 0.3076810345723807]
[1, 0.02594847315648252]
[2, -0.13453856684931367]
[3, -0.3902427839197486]
[4, -0.8498928258859649]
[5, -1.427087987148711]
[6, -2.2082273281681624]
[7, -3.1069047268695114]
[8, -4.209495993963609]
[9, -5.429495209856574]
[10, -6.852849813098845]
[16, -0.13453856684931367]
[17, -0.3902427839197486]
[18, -0.8498928258859649]
[19, -1.427087987148711]
[20, -2.2082273281681624]
[21, -3.1069047268695114]
[22, -4.209495993963609]
[23, -5.429495209856574]
[24, -6.852849813098845]
[25, -8.391215133919593]
---
[0.08797692649408716, 0.5885239345905421, 0.3234991389153708]
[1, 0.0697274542499855]
[2, -0.05523644467049706]
[3, -0.2151094334855145]
[4, -0.5689824990128158]
[5, -0.9715603420424429]
[6, -1.5681382615185726]
[7, -2.213420955741749]
[8, -3.0527036978485156]
[9, -3.940690918601568]
[10, -5.022675117675138]
[16, -0.05523644467049706]
[17, -0.2151094334855145]
[18, -0.5689824990128158]
[19, -0.9715603420424429]
[20, -1.5681382615185726]
[21, -2.213420955741749]
[22, -3.0527036978485156]
[23, -3.940690918601568]
[24, -5.022675117675138]
[25, -6.153331974411219]
---
[0.05209601052829062, 0.7265387169434245, 0.2213652725282847]
[1, 0.08536078755608897]
[2, -0.030824904798645747]
[3, -0.17535282762950147]
[4, -0.5083709237597965]
[5, -0.8654999678840056]
[6, -1.42042542485988]
[7, -2.0008166018134004]
[8, -2.7790041913195935]
[9, -3.5826574953631107]
[10, -4.584107112970932]
[16, -0.04706985812262161]
[17, -0.17712037800752256]
[18, -0.5083709237597965]
[19, -0.8654999678840056]
[20, -1.42042542485988]
[21, -2.0008166018134004]
[22, -2.7790041913195935]
[23, -3.5826574953631107]
[24, -4.584107112970932]
[25, -5.61102064399018]
---
[0.2881494314215879, 0.38013612307839845, 0.33171444550001367]
[1, -0.035871420248608385]
[2, -0.24266922463531274]
[3, -0.6583662111163278]
[4, -1.3291352901405815]
[5, -2.2166229718835355]
[6, -3.358830743543879]
[7, -4.7168886054815005]
[8, -6.327522359955495]
[9, -8.14871184772807]
[10, -10.209400951141538]
[16, -0.24266922463531274]
[17, -0.6583662111163278]
[18, -1.3291352901405815]
[19, -2.2166229718835355]
[20, -3.358830743543879]
[21, -4.7168886054815005]
[22, -6.327522359955495]
[23, -8.14871184772807]
[24, -10.209400951141538]
[25, -12.448347423184003]
---
[0.23226179292528357, 0.6009958655674285, 0.16674234150728812]
[1, 0.009486835498887559]
[2, -0.2229607182435643]
[3, -0.5904024777789487]
[4, -1.1333751847102023]
[5, -1.826221376192133]
[6, -2.742664891461338]
[7, -3.8089164916797658]
[8, -5.0985492405428845]
[9, -6.537275519015038]
[10, -8.197020999823248]
[16, -0.28438806933353933]
[17, -0.5904024777789487]
[18, -1.1333751847102023]
[19, -1.826221376192133]
[20, -2.742664891461338]
[21, -3.8089164916797658]
[22, -5.0985492405428845]
[23, -6.537275519015038]
[24, -8.197020999823248]
[25, -9.998052653822812]
---
[0.3654500384089306, 0.5525637885278266, 0.08198617306324274]
[1, -0.11133180389787185]
[2, -0.6362627676662612]
[3, -1.5097126324959276]
[4, -2.684758637588439]
[5, -4.118094227026691]
[6, -5.919388933275437]
[7, -8.058509209422951]
[8, -10.539246501445765]
[9, -13.312613662545132]
[10, -16.349582241567695]
[16, -0.9663184994575005]
[17, -1.6186993909567917]
[18, -2.684758637588439]
[19, -4.118094227026691]
[20, -5.919388933275437]
[21, -8.058509209422951]
[22, -10.539246501445765]
[23, -13.312613662545132]
[24, -16.349582241567695]
[25, -19.54441705701097]
---
[0.357430568320574, 0.4240769100628746, 0.21849252161655136]
[1, -0.10330995873293318]
[2, -0.4914689883191471]
[3, -1.1444152031669972]
[4, -2.1545380505002667]
[5, -3.500182491460552]
[6, -5.196355176312212]
[7, -7.216290453394251]
[8, -9.565839408487486]
[9, -12.201875941022067]
[10, -15.100840854782998]
[16, -0.4914689883191471]
[17, -1.1444152031669972]
[18, -2.1545380505002667]
[19, -3.500182491460552]
[20, -5.196355176312212]
[21, -7.216290453394251]
[22, -9.565839408487486]
[23, -12.201875941022067]
[24, -15.100840854782998]
[25, -18.166842425022107]
---
[0.42306908684014294, 0.5023134526965104, 0.07461746046334677]
[1, -0.24686737558674282]
[2, -1.103479408922891]
[3, -2.4618636849595648]
[4, -4.203546139204337]
[5, -6.419439683999019]
[6, -9.130628394426328]
[7, -12.281538449316178]
[8, -15.807292869654276]
[9, -19.611462684683755]
[10, -23.572991678930425]
[16, -1.4553750860236447]
[17, -2.5260294596148753]
[18, -4.203546139204337]
[19, -6.419439683999019]
[20, -9.130628394426328]
[21, -12.281538449316178]
[22, -15.807292869654276]
[23, -19.611462684683755]
[24, -23.572991678930425]
[25, -27.518555825231697]
---
[0.24712903716949977, 0.4918643463933669, 0.2610066164371333]
[1, -0.004860871867377626]
[2, -0.21649463358945695]
[3, -0.5549552794521488]
[4, -1.120699228772115]
[5, -1.854596223397759]
[6, -2.8157309701643514]
[7, -3.9448800047016603]
[8, -5.300844087077548]
[9, -6.823534743718234]
[10, -8.569117513032321]
[16, -0.21649463358945695]
[17, -0.5549552794521488]
[18, -1.120699228772115]
[19, -1.854596223397759]
[20, -2.8157309701643514]
[21, -3.9448800047016603]
[22, -5.300844087077548]
[23, -6.823534743718234]
[24, -8.569117513032321]
[25, -10.469475867023991]
---
[0.05784008261973661, 0.6882196354630364, 0.25394028191722695]
[1, 0.08276609605675844]
[2, -0.03594117135828227]
[3, -0.18082695147417455]
[4, -0.5155772729383912]
[5, -0.8795847514797657]
[6, -1.440497590322694]
[7, -2.0306675861972865]
[8, -2.8177429416323347]
[9, -3.6340754420272985]
[10, -4.647313105345367]
[16, -0.04557992193161127]
[17, -0.18082695147417455]
[18, -0.5155772729383912]
[19, -0.8795847514797657]
[20, -1.440497590322694]
[21, -2.0306675861972865]
[22, -2.8177429416323347]
[23, -3.6340754420272985]
[24, -4.647313105345367]
[25, -5.689804710588014]
---
[0.013178167210451227, 0.5289861726894002, 0.4578356601001485]
[1, 0.09506391399925249]
[2, -0.005787932357570469]
[3, -0.11381189070862803]
[4, -0.4196726597930038]
[5, -0.7331105771421363]
[6, -1.2443853052245877]
[7, -1.7632371815717924]
[8, -2.4799258686523125]
[9, -3.2041917039972665]
[10, -4.126294350051321]
[16, -0.005787932357570469]
[17, -0.11381189070862803]
[18, -0.4196726597930038]
[19, -0.7331105771421363]
[20, -1.2443853052245877]
[21, -1.7632371815717924]
[22, -2.4799258686523125]
[23, -3.2041917039972665]
[24, -4.126294350051323]
[25, -5.055974142556992]
---
[0.3969536612448362, 0.5299958311124154, 0.07305050764274826]
[1, -0.17311433421411948]
[2, -0.8547974525013359]
[3, -1.9696599461184605]
[4, -3.442694901621846]
[5, -5.251192145212306]
[6, -7.4964672565887245]
[7, -10.142011312944643]
[8, -13.160199132596343]
[9, -16.482885171322526]
[10, -20.034134786907394]
[16, -1.250989318759062]
[17, -2.092403804568508]
[18, -3.442694901621846]
[19, -5.251192145212306]
[20, -7.4964672565887245]
[21, -10.142011312944643]
[22, -13.160199132596343]
[23, -16.482885171322526]
[24, -20.034134786907394]
[25, -23.67265389684622]
---
[0.0957967124347793, 0.49901562016487094, 0.40518766740034967]
[1, 0.06365191398493267]
[2, -0.049600140022555195]
[3, -0.21489447275118181]
[4, -0.5713917853470761]
[5, -0.9840863818595054]
[6, -1.5879839575276222]
[7, -2.2480788103958202]
[8, -3.099376579024637]
[9, -4.006871026481936]
[10, -5.105562741807022]
[16, -0.049600140022555195]
[17, -0.21489447275118181]
[18, -0.5713917853470761]
[19, -0.9840863818595054]
[20, -1.5879839575276222]
[21, -2.2480788103958202]
[22, -3.099376579024637]
[23, -4.006871026481936]
[24, -5.105562741807022]
[25, -6.260397826790187]
---
[0.2509110272228607, 0.6381211799883653, 0.11096779278877413]
[1, 0.004580971923802224]
[2, -0.2513165143689875]
[3, -0.6858879676871951]
[4, -1.350001965441099]
[5, -2.114113204733002]
[6, -3.109573756058515]
[7, -4.269049990670178]
[8, -5.66525987269568]
[9, -7.224068782188519]
[10, -9.015382003618729]
[16, -0.45447051695254714]
[17, -0.7765778270792623]
[18, -1.3568797190724424]
[19, -2.114113204733002]
[20, -3.109573756058515]
[21, -4.269049990670178]
[22, -5.66525987269568]
[23, -7.224068782188519]
[24, -9.015382003618729]
[25, -10.956668069717583]
---
[0.2507787751156806, 0.3952597732975026, 0.35396145158681674]
[1, -0.011248739530699936]
[2, -0.1825183760402652]
[3, -0.5230727269946527]
[4, -1.0902330049003068]
[5, -1.8320083189563519]
[6, -2.8003319932520667]
[7, -3.9430987374235]
[8, -5.311900103977711]
[9, -6.853609767090708]
[10, -8.616768863895299]
[16, -0.18251837604026377]
[17, -0.5230727269946527]
[18, -1.0902330049003068]
[19, -1.8320083189563519]
[20, -2.8003319932520667]
[21, -3.9430987374235]
[22, -5.311900103977711]
[23, -6.853609767090708]
[24, -8.616768863895299]
[25, -10.539137797796641]
---
[0.31453350596150453, 0.4720337019793229, 0.21343279205917262]
[1, -0.055443994680217656]
[2, -0.3670706457229073]
[3, -0.855791753306778]
[4, -1.6296781683690056]
[5, -2.656637813751016]
[6, -3.9676647084843153]
[7, -5.529383058402212]
[8, -7.369991685291652]
[9, -9.450033805101615]
[10, -11.784456962798723]
[16, -0.3670706457229073]
[17, -0.855791753306778]
[18, -1.6296781683690056]
[19, -2.656637813751016]
[20, -3.9676647084843153]
[21, -5.529383058402212]
[22, -7.369991685291652]
[23, -9.450033805101615]
[24, -11.784456962798723]
[25, -14.304943012732693]
---
[0.15955979045274815, 0.6433889666179108, 0.19705124292934115]
[1, 0.04582751150397115]
[2, -0.12436675516371025]
[3, -0.3800202111350529]
[4, -0.8092006102019255]
[5, -1.3291373354596572]
[6, -2.052054817983728]
[7, -2.865727551790843]
[8, -3.8823753810635013]
[9, -4.989748639537936]
[10, -6.299939913325315]
[16, -0.16284167865496785]
[17, -0.3800202111350529]
[18, -0.8092006102019255]
[19, -1.3291373354596572]
[20, -2.052054817983728]
[21, -2.865727551790843]
[22, -3.8823753810635013]
[23, -4.989748639537936]
[24, -6.299939913325315]
[25, -7.700029236960549]
---
[0.04865975762075749, 0.7163985679855605, 0.23494167439368208]
[1, 0.08614380665758574]
[2, -0.028998517526391508]
[3, -0.1697885355607191]
[4, -0.4988530549626887]
[5, -0.8518462120271302]
[6, -1.4024730709019515]
[7, -1.9770285674305434]
[8, -2.749217765599402]
[9, -3.545335598096242]
[10, -4.539087067211273]
[16, -0.041427051607814035]
[17, -0.1697885355607191]
[18, -0.4988530549626887]
[19, -0.8518462120271302]
[20, -1.4024730709019515]
[21, -1.9770285674305434]
[22, -2.749217765599402]
[23, -3.545335598096242]
[24, -4.539087067211273]
[25, -5.556765899416545]
---
[0.3401677154408324, 0.5380206015091408, 0.1218116830500266]
[1, -0.07987373200099626]
[2, -0.5036289477555413]
[3, -1.1800711696410815]
[4, -2.0853510052559585]
[5, -3.2882826698162004]
[6, -4.812304282846734]
[7, -6.627655597894114]
[8, -8.75191586117326]
[9, -11.14401548889579]
[10, -13.799588884161576]
[16, -0.620811700371263]
[17, -1.1800711696410815]
[18, -2.0853510052559585]
[19, -3.2882826698162004]
[20, -4.812304282846734]
[21, -6.627655597894114]
[22, -8.75191586117326]
[23, -11.14401548889579]
[24, -13.799588884161576]
[25, -16.635076516138387]
---
[0.16725936141434877, 0.7854449269408947, 0.04729571164475641]
[1, 0.05493800018325601]
[2, -0.10822598327910668]
[3, -0.3615139431315427]
[4, -0.832903777479227]
[5, -1.3944170756501535]
[6, -2.17402984131794]
[7, -3.043754767617125]
[8, -4.131526081964556]
[9, -5.309160297451065]
[10, -6.703670385912439]
[16, -0.7072892808946293]
[17, -0.9064641392538206]
[18, -1.323740491552023]
[19, -1.831141160238802]
[20, -2.5566426630850474]
[21, -3.3722661254289976]
[22, -4.405978583189641]
[23, -5.529758234834874]
[24, -6.871368098173152]
[25, -8.301827861092805]
---
[0.48674047583308583, 0.508868651609115, 0.004390872557799206]
[1, -0.4913767229461257]
[2, -2.0223783528884667]
[3, -4.435559271491814]
[4, -7.581254377022299]
[5, -11.295367942789493]
[6, -15.419574089921923]
[7, -19.780712740916535]
[8, -24.208153105299107]
[9, -28.515651547767312]
[10, -32.51543785912607]
[16, -8.382314373965471]
[17, -9.94727260280987]
[18, -12.394090947601047]
[19, -15.568848477271297]
[20, -19.311148053828834]
[21, -23.458675453695708]
[22, -27.84137617947355]
[23, -32.28494500551716]
[24, -36.60548554265946]
[25, -40.61180031309664]
---
[0.38473036607892797, 0.3873490754272705, 0.22792055849380144]
[1, -0.14749524542528433]
[2, -0.6057705968672679]
[3, -1.4170305720468632]
[4, -2.6552715869058856]
[5, -4.300059126640892]
[6, -6.352836442390313]
[7, -8.782522862680029]
[8, -11.573620595352073]
[9, -14.668175858076276]
[10, -18.007670515995407]
[16, -0.6057705968672679]
[17, -1.4170305720468632]
[18, -2.6552715869058856]
[19, -4.300059126640892]
[20, -6.352836442390313]
[21, -8.782522862680029]
[22, -11.573620595352073]
[23, -14.668175858076276]
[24, -18.007670515995407]
[25, -21.465488723263128]
---
[0.3779703447251041, 0.45338906519298316, 0.16864059008191273]
[1, -0.13851468399793135]
[2, -0.6422759874303864]
[3, -1.3986618075255308]
[4, -2.561281944639558]
[5, -4.112668453823483]
[6, -6.055452108844844]
[7, -8.363118391077274]
[8, -11.023484496516698]
[9, -13.985835070521613]
[10, -17.19814593267414]
[16, -0.6422759874303864]
[17, -1.3986618075255308]
[18, -2.561281944639558]
[19, -4.112668453823483]
[20, -6.055452108844844]
[21, -8.363118391077274]
[22, -11.023484496516698]
[23, -13.985835070521613]
[24, -17.19814593267414]
[25, -20.544259574151624]
---
[0.014448130000467253, 0.9162630269570614, 0.06928884304247138]
[1, 0.09684206113959419]
[2, -0.006408468101037101]
[3, -0.11597487506248143]
[4, -0.4256338724041491]
[5, -0.741608747466632]
[6, -1.257676212909336]
[7, -1.780059556072846]
[8, -2.5025354896159024]
[9, -3.231327300836721]
[10, -4.1602116997080705]
[16, -0.04170405902610099]
[17, -0.14806623193702534]
[18, -0.45452099522817735]
[19, -0.7672916362401402]
[20, -1.280154867632327]
[21, -1.7993339767453285]
[22, -2.5186056762385425]
[23, -3.2441932534518605]
[24, -4.169873421000423]
[25, -5.101869463407343]
---
[0.33919002786958524, 0.39710635117602566, 0.2637036209543891]
[1, -0.08030806222887747]
[2, -0.3921999975274503]
[3, -0.9659297735462843]
[4, -1.8615846498429023]
[5, -3.0536833096136378]
[6, -4.56449358806735]
[7, -6.365550942495045]
[8, -8.473323968015686]
[9, -10.848092706015692]
[10, -13.484402020399594]
[16, -0.3921999975274503]
[17, -0.9659297735462843]
[18, -1.8615846498429023]
[19, -3.0536833096136378]
[20, -4.56449358806735]
[21, -6.365550942495045]
[22, -8.473323968015686]
[23, -10.848092706015692]
[24, -13.484402020399594]
[25, -16.299875606943854]
---
[0.20214307452573058, 0.5642962959281214, 0.23356062954614812]
[1, 0.020693127072870254]
[2, -0.17716748846660124]
[3, -0.45104959101881265]
[4, -0.9324796895145979]
[5, -1.5409130802121254]
[6, -2.3580700335665057]
[7, -3.302216118758744]
[8, -4.455029875798277]
[9, -5.734612164226354]
[10, -7.221991416557097]
[16, -0.17883469144787795]
[17, -0.45104959101881265]
[18, -0.9324796895145979]
[19, -1.5409130802121254]
[20, -2.3580700335665057]
[21, -3.302216118758744]
[22, -4.455029875798277]
[23, -5.734612164226354]
[24, -7.221991416557097]
[25, -8.832702524014362]
---
[0.05277347880362461, 0.6605430671094483, 0.2866834540869271]
[1, 0.0836321870566131]
[2, -0.03356264143363106]
[3, -0.17001968509384469]
[4, -0.5005292439006347]
[5, -0.8582948720416788]
[6, -1.41240476593588]
[7, -1.9937707291448625]
[8, -2.7714809577574977]
[9, -3.5764472494117663]
[10, -4.577757693873429]
[16, -0.03684903873857195]
[17, -0.17001968509384469]
[18, -0.5005292439006347]
[19, -0.8582948720416788]
[20, -1.41240476593588]
[21, -1.9937707291448625]
[22, -2.7714809577574977]
[23, -3.5764472494117663]
[24, -4.577757693873429]
[25, -5.606322180396419]
---
[0.46420840643017375, 0.47592017809899995, 0.059871415470826216]
[1, -0.4158345909669038]
[2, -1.6881705469254313]
[3, -3.6394953827792507]
[4, -6.0903475330081225]
[5, -9.088769912304901]
[6, -12.629482517481142]
[7, -16.593895724878358]
[8, -20.847828313942273]
[9, -25.237599023963458]
[10, -29.58732332200425]
[16, -2.2094461754953327]
[17, -3.7513902056702704]
[18, -6.0903475330081225]
[19, -9.088769912304901]
[20, -12.629482517481142]
[21, -16.593895724878358]
[22, -20.847828313942273]
[23, -25.23759902396347]
[24, -29.58732332200426]
[25, -33.693406201194776]
---
[0.2775329196768724, 0.4841169180773273, 0.2383501622458002]
[1, -0.024952792812845813]
[2, -0.27464254741605887]
[3, -0.6708129394149125]
[4, -1.314746648174605]
[5, -2.1602938331117314]
[6, -3.253399645554674]
[7, -4.547586502533727]
[8, -6.0879464797795375]
[9, -7.825781880255718]
[10, -9.800405490288586]
[16, -0.27464254741605887]
[17, -0.6708129394149125]
[18, -1.314746648174605]
[19, -2.1602938331117314]
[20, -3.253399645554674]
[21, -4.547586502533727]
[22, -6.0879464797795375]
[23, -7.825781880255718]
[24, -9.800405490288586]
[25, -11.948076358391964]
---
[0.08725370698256314, 0.500212234370032, 0.41253405864740483]
[1, 0.06689916098657847]
[2, -0.04416742909064766]
[3, -0.2028238100092139]
[4, -0.5526834084425559]
[5, -0.9536193729225658]
[6, -1.5457585546604817]
[7, -2.1889740997580063]
[8, -3.0233928340045764]
[9, -3.9088876375686965]
[10, -4.985582554357561]
[16, -0.04416742909064766]
[17, -0.2028238100092139]
[18, -0.5526834084425559]
[19, -0.9536193729225658]
[20, -1.5457585546604817]
[21, -2.1889740997580063]
[22, -3.0233928340045764]
[23, -3.9088876375686965]
[24, -4.985582554357561]
[25, -6.113321363739351]
---
[0.15744693133931137, 0.6027068834169665, 0.2398461852437221]
[1, 0.04353995065588521]
[2, -0.12352754871363487]
[3, -0.35285107826673257]
[4, -0.7754050639317924]
[5, -1.2898312244430188]
[6, -2.0043105600208078]
[7, -2.810661110533401]
[8, -3.81705969929434]
[9, -4.9153020140964445]
[10, -6.213445264555044]
[16, -0.13306560790140481]
[17, -0.35285107826673257]
[18, -0.7754050639317924]
[19, -1.2898312244430188]
[20, -2.0043105600208078]
[21, -2.810661110533401]
[22, -3.81705969929434]
[23, -4.9153020140964445]
[24, -6.213445264555044]
[25, -7.602645044129979]
---
[0.3212849552100991, 0.37289219505123067, 0.30582284973867013]
[1, -0.06307737556128927]
[2, -0.31910628661010493]
[3, -0.8264753018192238]
[4, -1.6272706231099021]
[5, -2.6927945496350474]
[6, -4.05021524115522]
[7, -5.669151338569267]
[8, -7.5732185755692765]
[9, -9.72454600043404]
[10, -12.13093022756739]
[16, -0.31910628661010493]
[17, -0.8264753018192238]
[18, -1.6272706231099021]
[19, -2.6927945496350474]
[20, -4.05021524115522]
[21, -5.669151338569267]
[22, -7.5732185755692765]
[23, -9.72454600043404]
[24, -12.13093022756739]
[25, -14.721104752512693]
---
[0.2649915712234758, 0.5455039135717284, 0.18950451520479578]
[1, -0.014914927033667879]
[2, -0.27819132129646107]
[3, -0.6657827888276444]
[4, -1.277302075420542]
[5, -2.075019743544968]
[6, -3.111885531409695]
[7, -4.334648112919948]
[8, -5.795722431795878]
[9, -7.4403739987229045]
[10, -9.316903891730817]
[16, -0.2988456150770986]
[17, -0.6657827888276444]
[18, -1.277302075420542]
[19, -2.075019743544968]
[20, -3.111885531409695]
[21, -4.334648112919948]
[22, -5.795722431795878]
[23, -7.4403739987229045]
[24, -9.316903891730817]
[25, -11.359167436373307]
---
[0.23743270758199342, 0.46442960068014405, 0.2981376917378626]
[1, 9.414651271981711e-05]
[2, -0.18727903888946001]
[3, -0.5091031823320208]
[4, -1.0525524681460525]
[5, -1.7552187707568963]
[6, -2.6794823752299792]
[7, -3.762873584203855]
[8, -5.067574932380067]
[9, -6.530481611372634]
[10, -8.211736358256278]
[16, -0.18727903888946001]
[17, -0.5091031823320208]
[18, -1.0525524681460525]
[19, -1.7552187707568963]
[20, -2.6794823752299792]
[21, -3.762873584203855]
[22, -5.067574932380067]
[23, -6.530481611372634]
[24, -8.211736358256278]
[25, -10.04168312764589]
---
[0.16319245771454258, 0.6556407206148418, 0.18116682167061554]
[1, 0.04526156154030616]
[2, -0.1282320341877238]
[3, -0.39815447366178913]
[4, -0.8344103960683157]
[5, -1.36188654252894]
[6, -2.093754516564755]
[7, -2.9181344507309617]
[8, -3.9468992885293575]
[9, -5.068140582319113]
[10, -6.393584723954054]
[16, -0.18065276394127636]
[17, -0.3998048660070751]
[18, -0.8344103960683157]
[19, -1.36188654252894]
[20, -2.093754516564755]
[21, -2.9181344507309617]
[22, -3.9468992885293575]
[23, -5.068140582319113]
[24, -6.393584723954054]
[25, -7.810571787900299]
---
[0.3823707276614887, 0.5893940832465389, 0.02823518909197252]
[1, -0.12322979678750982]
[2, -0.7172743211744205]
[3, -1.7465904696755843]
[4, -3.229960992313619]
[5, -5.123865537444556]
[6, -7.434351132426423]
[7, -10.099659616010706]
[8, -13.096371789434311]
[9, -16.319630479799564]
[10, -19.6764899993004]
[16, -2.644683192597347]
[17, -3.3227259950308308]
[18, -4.4645602107054625]
[19, -6.03315855788702]
[20, -8.041334512668033]
[21, -10.440560248574759]
[22, -13.225183393968559]
[23, -16.31992857663669]
[24, -19.6764899993004]
[25, -23.156333433695977]
---
[0.3664922598908928, 0.3976331510285883, 0.23587458908051898]
[1, -0.11619302976858421]
[2, -0.5109823470505972]
[3, -1.2111587837501758]
[4, -2.2893129631778235]
[5, -3.72467794880759]
[6, -5.528463606630146]
[7, -7.673251714880382]
[8, -10.15880188744813]
[9, -12.938039202221523]
[10, -15.976740888795627]
[16, -0.5109823470505972]
[17, -1.2111587837501758]
[18, -2.2893129631778235]
[19, -3.72467794880759]
[20, -5.528463606630146]
[21, -7.673251714880382]
[22, -10.15880188744813]
[23, -12.938039202221523]
[24, -15.976740888795627]
[25, -19.16921906170186]
---
[0.2871619560910119, 0.4122130312184696, 0.30062501269051844]
[1, -0.03325107035816188]
[2, -0.2552595706659616]
[3, -0.6712146028426303]
[4, -1.3424519476727936]
[5, -2.22802318379953]
[6, -3.3685447927052024]
[7, -4.722577311952821]
[8, -6.329518553789913]
[9, -8.1449051588743]
[10, -10.200628779078183]
[16, -0.2552595706659616]
[17, -0.6712146028426303]
[18, -1.3424519476727936]
[19, -2.22802318379953]
[20, -3.3685447927052024]
[21, -4.722577311952821]
[22, -6.329518553789913]
[23, -8.1449051588743]
[24, -10.200628779078183]
[25, -12.433595584396508]
---
[0.14946100236059234, 0.5923859397683919, 0.2581530578710157]
[1, 0.04584184532906192]
[2, -0.11620038868643974]
[3, -0.33091665126699893]
[4, -0.742817014680287]
[5, -1.2419657909187591]
[6, -1.9391409987384165]
[7, -2.7235640574968443]
[8, -3.7060103503046307]
[9, -4.775686297829667]
[10, -6.043281930011456]
[16, -0.117409936520842]
[17, -0.33091665126699893]
[18, -0.7428170146802856]
[19, -1.2419657909187591]
[20, -1.9391409987384178]
[21, -2.723564057496843]
[22, -3.7060103503046307]
[23, -4.775686297829667]
[24, -6.043281930011456]
[25, -7.397517947501039]
---
[0.3653496828472794, 0.5396469064897449, 0.09500341066297549]
[1, -0.11323742590944903]
[2, -0.6318716711311652]
[3, -1.4785032257095678]
[4, -2.585167660370854]
[5, -4.011974139293747]
[6, -5.805600748114864]
[7, -7.937663037429701]
[8, -10.410142994444822]
[9, -13.175707007956982]
[10, -16.203367623843718]
[16, -0.8583248270945006]
[17, -1.5181223934475128]
[18, -2.585167660370854]
[19, -4.011974139293747]
[20, -5.805600748114864]
[21, -7.937663037429701]
[22, -10.410142994444822]
[23, -13.175707007956982]
[24, -16.203367623843718]
[25, -19.388715289972975]
---
[0.368024084737612, 0.5035718538978464, 0.12840406136454155]
[1, -0.11970681878618734]
[2, -0.6226547346527184]
[3, -1.3944234267163296]
[4, -2.481004170771101]
[5, -3.929157205302343]
[6, -5.748401673242481]
[7, -7.9121678554417]
[8, -10.418130886066782]
[9, -13.219536913296267]
[10, -16.27937868227294]
[16, -0.7059960866951656]
[17, -1.3944234267163296]
[18, -2.481004170771101]
[19, -3.929157205302343]
[20, -5.748401673242481]
[21, -7.9121678554417]
[22, -10.418130886066782]
[23, -13.219536913296267]
[24, -16.27937868227294]
[25, -19.491496254276136]
---
[0.3622942032114173, 0.42289819399211803, 0.21480760279646466]
[1, -0.11031528779016071]
[2, -0.5143300699729736]
[3, -1.191291400316223]
[4, -2.236212578405221]
[5, -3.628213972158696]
[6, -5.380109321733516]
[7, -7.465138072321355]
[8, -9.885801840882749]
[9, -12.597306665275664]
[10, -15.570410659873762]
[16, -0.5143300699729736]
[17, -1.191291400316223]
[18, -2.236212578405221]
[19, -3.628213972158696]
[20, -5.380109321733516]
[21, -7.465138072321355]
[22, -9.885801840882749]
[23, -12.597306665275664]
[24, -15.570410659873762]
[25, -18.704563635891198]
---
[0.3041788288791125, 0.5031681382716144, 0.1926530328492731]
[1, -0.047454267621574786]
[2, -0.3624453656539345]
[3, -0.8199265042788568]
[4, -1.54957713086701]
[5, -2.517185243071583]
[6, -3.7562690303729456]
[7, -5.231728024764516]
[8, -6.975049069094672]
[9, -8.946490106307653]
[10, -11.166920641999194]
[16, -0.3624453656539345]
[17, -0.8199265042788568]
[18, -1.54957713086701]
[19, -2.517185243071583]
[20, -3.7562690303729456]
[21, -5.231728024764516]
[22, -6.975049069094672]
[23, -8.946490106307653]
[24, -11.166920641999194]
[25, -13.572320172942558]
---
[0.3632588278648285, 0.38371092769111237, 0.2530302444440592]
[1, -0.11143567141588165]
[2, -0.48236972988728155]
[3, -1.165056769788285]
[4, -2.218011906077956]
[5, -3.6201909715744875]
[6, -5.384170490727539]
[7, -7.482793511361959]
[8, -9.91796326061839]
[9, -12.643934230714947]
[10, -15.630025900352663]
[16, -0.48236972988728155]
[17, -1.165056769788285]
[18, -2.218011906077956]
[19, -3.6201909715744875]
[20, -5.384170490727539]
[21, -7.482793511361959]
[22, -9.91796326061839]
[23, -12.643934230714947]
[24, -15.630025900352663]
[25, -18.773496018312436]
---
[0.1356982643771871, 0.44415638784759515, 0.4201453477752176]
[1, 0.04518009571920203]
[2, -0.0710302344197757]
[3, -0.2692944289146638]
[4, -0.658594492356859]
[5, -1.131356411685465]
[6, -1.7951541643151985]
[7, -2.542413545790441]
[8, -3.4807073144772405]
[9, -4.502453501444225]
[10, -5.715175410851861]
[16, -0.0710302344197757]
[17, -0.2692944289146638]
[18, -0.658594492356859]
[19, -1.1313564116854664]
[20, -1.7951541643151985]
[21, -2.542413545790441]
[22, -3.4807073144772405]
[23, -4.502453501444225]
[24, -5.715175410851861]
[25, -7.010976085541614]
---
[0.13787073016965556, 0.44320835826598454, 0.4189209115643599]
[1, 0.044252189329220926]
[2, -0.07253268656896524]
[3, -0.27277244762758246]
[4, -0.6642517647361117]
[5, -1.1406360006684495]
[6, -1.808259749910731]
[7, -2.560788150716489]
[8, -3.504554393607587]
[9, -4.533214837608701]
[10, -5.753047775221278]
[16, -0.07253268656896524]
[17, -0.27277244762758246]
[18, -0.6642517647361117]
[19, -1.1406360006684495]
[20, -1.808259749910731]
[21, -2.560788150716489]
[22, -3.504554393607587]
[23, -4.533214837608701]
[24, -5.753047775221278]
[25, -7.057366278753524]
---
[0.3487766103664307, 0.49532800658736664, 0.15589538304620268]
[1, -0.09348671344547484]
[2, -0.518842588096922]
[3, -1.149202243282906]
[4, -2.0973599550371063]
[5, -3.36245795832624]
[6, -4.961522975405989]
[7, -6.868828670142804]
[8, -9.093994227896726]
[9, -11.597532673294605]
[10, -14.363369921448927]
[16, -0.5463085188685881]
[17, -1.149202243282906]
[18, -2.0973599550371063]
[19, -3.36245795832624]
[20, -4.961522975405989]
[21, -6.868828670142804]
[22, -9.093994227896726]
[23, -11.597532673294605]
[24, -14.363369921448927]
[25, -17.304130551955037]
---
[0.3647888457922001, 0.5970364508852933, 0.0381747033225066]
[1, -0.09582461365362463]
[2, -0.6126808716560959]
[3, -1.5114342155152685]
[4, -2.8154440350971073]
[5, -4.475985790739895]
[6, -6.500531827592186]
[7, -8.814978498023084]
[8, -11.384651167195177]
[9, -14.181364001481876]
[10, -17.247860485719542]
[16, -1.9100435827137943]
[17, -2.512511675766646]
[18, -3.5328359831757497]
[19, -4.931123522472819]
[20, -6.72911502816512]
[21, -8.877716148790444]
[22, -11.384651167195177]
[23, -14.181364001481876]
[24, -17.247860485719542]
[25, -20.46871670969703]
---
[0.20525919182397184, 0.5033613060110596, 0.2913795021649686]
[1, 0.0181593849233721]
[2, -0.15551215582608507]
[3, -0.4316885449993023]
[4, -0.9168016986399238]
[5, -1.5322576758958335]
[6, -2.3566459353916542]
[7, -3.311359663844935]
[8, -4.474938479265394]
[9, -5.76858259112857]
[10, -7.27008443098647]
[16, -0.15551215582608507]
[17, -0.4316885449993023]
[18, -0.9168016986399238]
[19, -1.5322576758958335]
[20, -2.3566459353916542]
[21, -3.311359663844935]
[22, -4.474938479265394]
[23, -5.76858259112857]
[24, -7.27008443098647]
[25, -8.897751185580496]
---
[0.4044437980480227, 0.533069777011846, 0.06248642494013129]
[1, -0.19121832160944904]
[2, -0.9286551254128597]
[3, -2.1445557095697096]
[4, -3.7704410029261908]
[5, -5.696216261689472]
[6, -8.069207908536459]
[7, -10.855834988802144]
[8, -14.018905011276036]
[9, -17.483373197242816]
[10, -21.160720752442273]
[16, -1.4595535293845898]
[17, -2.34861224739268]
[18, -3.778098933181309]
[19, -5.696216261689472]
[20, -8.069207908536459]
[21, -10.855834988802144]
[22, -14.018905011276036]
[23, -17.483373197242816]
[24, -21.160720752442273]
[25, -24.900547534289444]
---
[0.263711410051987, 0.5412801341171948, 0.19500845583081824]
[1, -0.014647533569100802]
[2, -0.275311304270366]
[3, -0.6550483087611866]
[4, -1.2621886098427126]
[5, -2.05447795653248]
[6, -3.0846705597509727]
[7, -4.299727471569293]
[8, -5.751892763692896]
[9, -7.386703339711573]
[10, -9.252427011706397]
[16, -0.28973288520750773]
[17, -0.6550483087611866]
[18, -1.2621886098427126]
[19, -2.05447795653248]
[20, -3.0846705597509727]
[21, -4.299727471569293]
[22, -5.751892763692896]
[23, -7.386703339711573]
[24, -9.252427011706397]
[25, -11.283499277577869]
---
[0.24739141574600398, 0.3812924440198268, 0.3713161402341692]
[1, -0.010503891256780662]
[2, -0.17312623490759335]
[3, -0.5066619198183631]
[4, -1.0639463378326226]
[5, -1.7933275319704094]
[6, -2.7464087496731153]
[7, -3.8714385725528144]
[8, -5.219717672944425]
[9, -6.738574167704631]
[10, -8.476508518013652]
[16, -0.17312623490759335]
[17, -0.5066619198183631]
[18, -1.0639463378326226]
[19, -1.7933275319704094]
[20, -2.7464087496731153]
[21, -3.8714385725528144]
[22, -5.219717672944425]
[23, -6.738574167704631]
[24, -8.476508518013652]
[25, -10.372330158103473]
---
[0.294611196123916, 0.35874581876646106, 0.3466429851096229]
[1, -0.04220537503448156]
[2, -0.2470770779522013]
[3, -0.6762271291639905]
[4, -1.3659014349636636]
[5, -2.2815897497481274]
[6, -3.4573258645574696]
[7, -4.857937151243675]
[8, -6.515872029009833]
[9, -8.392164176742682]
[10, -10.510179324533246]
[16, -0.2470770779522013]
[17, -0.6762271291639905]
[18, -1.3659014349636636]
[19, -2.2815897497481274]
[20, -3.4573258645574696]
[21, -4.857937151243675]
[22, -6.515872029009833]
[23, -8.392164176742682]
[24, -10.510179324533246]
[25, -12.809208379479637]
---
[0.4043340958000364, 0.4413733251254428, 0.15429257907452087]
[1, -0.19491156930037618]
[2, -0.8310565906400939]
[3, -1.774373774849846]
[4, -3.2077073369272]
[5, -5.109336535153642]
[6, -7.4630979141089195]
[7, -10.230856946840749]
[8, -13.372402562412475]
[9, -16.814393088570245]
[10, -20.46462399906158]
[16, -0.8310565906400939]
[17, -1.774373774849846]
[18, -3.2077073369272]
[19, -5.109336535153642]
[20, -7.4630979141089195]
[21, -10.230856946840749]
[22, -13.372402562412475]
[23, -16.814393088570245]
[24, -20.46462399906158]
[25, -24.173108043153594]
---
[0.37396260295531386, 0.6192212342192202, 0.006816162825465938]
[1, -0.08944009660019106]
[2, -0.6026143219041955]
[3, -1.4900223712738552]
[4, -2.7936562021272495]
[5, -4.459403319241224]
[6, -6.521633049389888]
[7, -8.913840864038473]
[8, -11.649786687752385]
[9, -14.62917819823349]
[10, -17.809519756929603]
[16, -6.603301544596673]
[17, -7.162821797716083]
[18, -8.124036718465879]
[19, -9.473263408362204]
[20, -11.211566987083803]
[21, -13.318275215138328]
[22, -15.781154547918481]
[23, -18.559424363924713]
[24, -21.60578107282091]
[25, -24.823170127450805]
---
[0.3132429209656214, 0.5223572081587644, 0.16439987087561422]
[1, -0.05326258071875145]
[2, -0.39529364018608815]
[3, -0.9077405882938194]
[4, -1.6783849234570654]
[5, -2.699515653285809]
[6, -4.00368283147836]
[7, -5.556055076398181]
[8, -7.386474386997318]
[9, -9.45418273054059]
[10, -11.776028365772609]
[16, -0.42932453108799395]
[17, -0.9077405882938194]
[18, -1.6783849234570654]
[19, -2.699515653285809]
[20, -4.00368283147836]
[21, -5.556055076398181]
[22, -7.386474386997318]
[23, -9.45418273054059]
[24, -11.776028365772609]
[25, -14.282783293886373]
---
[0.08683530594798611, 0.810402076640324, 0.10276261741168989]
[1, 0.07808220940355426]
[2, -0.048004000309319395]
[3, -0.21792552755428501]
[4, -0.5920130132660966]
[5, -1.0099128521695029]
[6, -1.6317643317686397]
[7, -2.2954280153703173]
[8, -3.144376680539795]
[9, -4.031132584437932]
[10, -5.119069613943018]
[16, -0.16900174236235088]
[17, -0.3149215326663118]
[18, -0.6650096234342989]
[19, -1.0589320803728477]
[20, -1.6570132773452066]
[21, -2.2988571246558527]
[22, -3.144376680539795]
[23, -4.031132584437932]
[24, -5.119069613943018]
[25, -6.247831849909913]
---
[0.31093621784360564, 0.5465066898388944, 0.1425570923174999]
[1, -0.04897334101502793]
[2, -0.3961651591829991]
[3, -0.9414460267418405]
[4, -1.7073318196065344]
[5, -2.718897724745119]
[6, -4.011977954900081]
[7, -5.548656930813704]
[8, -7.362248036628389]
[9, -9.409259298618466]
[10, -11.710645155916898]
[16, -0.474152297947947]
[17, -0.9414460267418405]
[18, -1.7073318196065344]
[19, -2.718897724745119]
[20, -4.011977954900081]
[21, -5.548656930813704]
[22, -7.362248036628389]
[23, -9.409259298618466]
[24, -11.710645155916898]
[25, -14.19554247415029]
---
[0.34201401943991866, 0.3824212892341981, 0.27556469132588324]
[1, -0.08395402803053571]
[2, -0.39204540489834583]
[3, -0.9761738872762464]
[4, -1.8869915591524857]
[5, -3.1000450997963243]
[6, -4.636161408187723]
[7, -6.4676128278956355]
[8, -8.608941987632875]
[9, -11.02037958233206]
[10, -13.693306683614532]
[16, -0.39204540489834583]
[17, -0.9761738872762464]
[18, -1.8869915591524857]
[19, -3.1000450997963243]
[20, -4.636161408187723]
[21, -6.4676128278956355]
[22, -8.608941987632875]
[23, -11.02037958233206]
[24, -13.693306683614532]
[25, -16.54345524582167]
---
